1014
0 125 251
1 179 262
2 313 313
3 291 261
4 269 172
5 317 99
6 323 129
7 332 332
8 361 311
9 228 218
10 307 177
11 196 189
12 253 64
13 64 377
14 383 244
15 376 376
16 179 369
17 103 399
18 301 307
19 149 319
20 370 202
21 173 173
22 394 394
23 137 213
24 237 22
25 38 374
26 253 83
27 28 399
28 170 118
29 218 118
30 321 104
31 72 168
32 343 166
33 342 290
34 179 399
35 348 305
36 383 346
37 130 226
38 148 248
39 228 399
40 244 157
41 389 136
42 382 214
43 188 188
44 327 268
45 287 148
46 136 136
47 65 284
48 169 384
49 234 114
50 173 57
51 344 258
52 146 313
53 377 354
54 237 77
55 289 60
56 277 277
57 188 273
58 392 271
59 291 65
60 253 112
61 262 340
62 282 121
63 354 232
64 357 123
65 321 226
66 303 399
67 309 221
68 362 362
69 368 115
70 334 334
71 67 399
72 383 298
73 295 399
74 160 135
75 370 227
76 209 190
77 335 322
78 355 355
79 370 354
80 139 73
81 168 215
82 199 234
83 290 136
84 277 62
85 363 351
86 34 399
87 352 292
88 181 399
89 272 272
90 225 148
91 297 127
92 329 399
93 177 247
94 372 339
95 360 176
96 182 353
97 252 141
98 120 370
99 298 264
100 337 399
101 240 383
102 390 303
103 186 230
104 223 175
105 393 191
106 284 284
107 382 372
108 315 266
109 368 353
110 383 289
111 167 21
112 148 223
113 371 250
114 351 301
115 315 399
116 342 342
117 370 232
118 368 157
119 188 245
120 394 362
121 336 279
122 291 274
123 201 201
124 318 113
125 233 399
126 280 353
127 384 389
128 218 380
129 226 399
130 332 246
131 338 310
132 125 328
133 288 399
134 315 284
135 177 177
136 208 394
137 382 399
138 273 329
139 378 398
140 222 186
141 58 330
142 29 77
143 278 201
144 289 297
145 320 117
146 279 207
147 155 399
148 199 50
149 243 152
150 362 322
151 295 161
152 138 235
153 393 125
154 289 283
155 100 100
156 193 399
157 358 358
158 341 347
159 318 318
160 281 200
161 239 309
162 321 308
163 350 350
164 397 295
165 55 100
166 392 392
167 115 399
168 64 212
169 383 254
170 181 53
171 396 147
172 355 189
173 385 263
174 332 73
175 294 154
176 363 30
177 136 89
178 338 338
179 267 218
180 367 309
181 254 158
182 382 299
183 268 14
184 151 375
185 149 399
186 386 399
187 370 187
188 299 299
189 388 356
190 307 144
191 336 179
192 137 399
193 274 222
194 226 203
195 186 178
196 312 399
197 49 340
198 281 131
199 44 57
200 377 293
201 176 137
202 238 399
203 285 361
204 227 227
205 262 283
206 290 290
207 319 167
208 180 180
209 357 211
210 259 220
211 329 63
212 159 399
213 383 272
214 244 221
215 306 320
216 122 81
217 398 356
218 300 295
219 300 250
220 383 366
221 261 265
222 395 395
223 148 139
224 309 272
225 257 227
226 366 366
227 397 388
228 115 21
229 165 98
230 286 200
231 365 365
232 349 179
233 207 207
234 123 256
235 372 304
236 44 399
237 213 177
238 135 135
239 372 372
240 351 351
241 331 199
242 289 180
243 397 264
244 248 199
245 329 290
246 345 345
247 240 59
248 48 339
249 383 143
250 289 146
251 158 87
252 65 47
253 197 399
254 292 292
255 92 92
256 373 205
257 397 250
258 278 178
259 199 399
260 325 275
261 258 198
262 81 252
263 352 222
264 312 309
265 219 202
266 286 399
267 125 290
268 337 234
269 162 166
270 217 214
271 232 258
272 298 241
273 332 179
274 335 158
275 192 94
276 368 369
277 222 399
278 285 338
279 338 175
280 297 292
281 308 166
282 176 194
283 344 65
284 256 104
285 122 146
286 285 181
287 106 399
288 76 399
289 309 345
290 172 278
291 391 323
292 294 223
293 224 274
294 237 226
295 112 399
296 224 148
297 365 130
298 85 79
299 323 235
300 136 138
301 146 399
302 326 190
303 181 181
304 388 288
305 193 191
306 240 240
307 231 167
308 123 312
309 169 171
310 319 319
311 363 363
312 368 368
313 246 197
314 317 303
315 342 240
316 239 227
317 78 200
318 384 399
319 239 399
320 185 230
321 35 1
322 51 317
323 238 119
324 384 271
325 347 347
326 137 37
327 328 328
328 15 349
329 287 218
330 268 268
331 389 272
332 247 52
333 109 399
334 146 114
335 88 265
336 223 399
337 272 254
338 63 399
339 150 216
340 137 235
341 208 208
342 289 240
343 86 399
344 335 191
345 186 173
346 115 115
347 284 346
348 153 277
349 366 94
350 338 369
351 316 399
352 221 104
353 136 176
354 297 268
355 183 183
356 327 242
357 173 107
358 375 272
359 178 178
360 116 264
361 383 383
362 244 153
363 222 177
364 60 254
365 204 138
366 318 347
367 129 248
368 315 195
369 334 338
370 357 277
371 189 280
372 366 181
373 79 165
374 366 294
375 219 219
376 255 399
377 317 268
378 384 384
379 277 142
380 333 260
381 69 171
382 315 298
383 392 167
384 302 302
385 314 314
386 388 277
387 303 352
388 158 117
389 164 282
390 275 314
391 346 210
392 185 185
393 316 35
394 345 115
395 212 212
396 383 239
397 235 285
398 164 399
399 285 246
400 331 270
401 167 399
402 396 396
403 370 370
404 65 388
405 346 221
406 95 349
407 137 345
408 387 200
409 148 174
410 273 228
411 292 399
412 218 399
413 397 163
414 105 106
415 123 282
416 390 275
417 275 327
418 67 324
419 361 361
420 362 336
421 317 73
422 269 269
423 252 252
424 182 82
425 267 102
426 284 370
427 162 136
428 193 167
429 351 399
430 393 199
431 315 271
432 277 250
433 338 244
434 210 399
435 384 226
436 234 37
437 287 399
438 212 145
439 346 83
440 368 286
441 176 176
442 391 96
443 390 50
444 248 319
445 114 399
446 263 399
447 289 305
448 285 142
449 273 260
450 29 55
451 204 204
452 268 176
453 309 146
454 77 399
455 248 399
456 390 399
457 234 262
458 213 150
459 257 29
460 251 251
461 350 228
462 251 154
463 279 257
464 179 68
465 271 182
466 288 288
467 377 330
468 223 209
469 343 223
470 202 146
471 296 121
472 117 92
473 332 126
474 128 321
475 332 225
476 296 186
477 288 330
478 255 89
479 254 244
480 254 254
481 120 120
482 176 399
483 124 151
484 305 399
485 47 196
486 356 356
487 223 377
488 367 298
489 364 323
490 349 349
491 19 112
492 326 326
493 284 327
494 104 104
495 139 172
496 149 144
497 367 259
498 250 116
499 322 224
500 240 122
501 349 217
502 350 110
503 72 72
504 206 360
505 374 193
506 308 297
507 284 138
508 96 193
509 325 267
510 383 382
511 236 181
512 313 153
513 232 232
514 263 367
515 281 239
516 305 209
517 297 399
518 233 233
519 329 307
520 178 399
521 328 48
522 257 203
523 355 291
524 189 399
525 285 399
526 294 99
527 299 399
528 328 231
529 114 72
530 396 145
531 192 254
532 132 126
533 278 223
534 343 180
535 137 44
536 80 359
537 94 399
538 233 164
539 257 257
540 102 399
541 198 293
542 231 399
543 395 234
544 43 245
545 122 122
546 85 399
547 106 283
548 95 95
549 179 166
550 155 79
551 173 399
552 361 195
553 394 322
554 371 371
555 320 317
556 174 382
557 179 347
558 366 265
559 281 273
560 351 349
561 248 232
562 286 286
563 191 92
564 236 198
565 179 330
566 199 104
567 252 23
568 221 399
569 257 347
570 314 243
571 186 125
572 129 214
573 205 163
574 382 290
575 316 149
576 278 152
577 349 170
578 363 334
579 263 340
580 86 375
581 397 323
582 342 292
583 328 120
584 248 280
585 388 65
586 32 24
587 323 323
588 392 319
589 342 283
590 308 293
591 308 308
592 205 281
593 217 373
594 185 177
595 152 384
596 387 384
597 324 103
598 281 281
599 60 27
600 110 209
601 300 367
602 382 129
603 347 248
604 238 238
605 244 244
606 393 393
607 388 399
608 270 374
609 266 266
610 346 129
611 287 160
612 204 134
613 273 273
614 192 192
615 381 381
616 163 399
617 99 97
618 192 226
619 326 55
620 204 399
621 308 263
622 311 46
623 43 399
624 368 163
625 271 271
626 387 36
627 355 267
628 270 221
629 264 264
630 304 44
631 324 230
632 359 359
633 204 215
634 382 381
635 148 148
636 135 399
637 254 109
638 287 209
639 397 313
640 286 60
641 369 369
642 202 202
643 116 81
644 299 210
645 164 231
646 251 208
647 211 149
648 251 138
649 230 209
650 136 160
651 299 203
652 388 287
653 187 392
654 267 200
655 182 299
656 364 132
657 294 193
658 350 97
659 238 28
660 346 134
661 30 399
662 376 325
663 280 280
664 29 29
665 396 244
666 141 346
667 286 188
668 330 346
669 79 79
670 176 372
671 228 322
672 323 100
673 308 52
674 333 333
675 382 139
676 134 174
677 125 98
678 99 21
679 115 208
680 359 278
681 392 209
682 371 189
683 383 36
684 154 154
685 287 48
686 117 95
687 182 182
688 336 336
689 271 293
690 112 294
691 161 337
692 224 152
693 370 267
694 318 112
695 132 86
696 248 248
697 237 237
698 164 162
699 268 270
700 153 211
701 394 288
702 316 113
703 296 118
704 319 217
705 322 171
706 169 285
707 313 157
708 253 253
709 174 174
710 171 395
711 122 222
712 375 293
713 325 325
714 220 220
715 254 91
716 112 224
717 232 122
718 200 399
719 305 176
720 278 341
721 316 311
722 360 315
723 132 399
724 275 299
725 213 371
726 228 228
727 330 153
728 182 201
729 100 195
730 295 295
731 236 285
732 295 325
733 292 202
734 303 238
735 397 399
736 398 363
737 230 84
738 99 219
739 313 230
740 302 82
741 377 318
742 131 345
743 213 399
744 164 135
745 244 399
746 46 399
747 294 247
748 171 171
749 250 165
750 211 262
751 385 244
752 178 280
753 278 278
754 64 188
755 362 133
756 370 399
757 164 92
758 225 225
759 224 153
760 280 152
761 305 305
762 237 120
763 61 399
764 85 344
765 392 335
766 287 287
767 296 179
768 366 223
769 368 295
770 356 274
771 244 203
772 281 399
773 41 399
774 363 199
775 147 280
776 376 89
777 350 223
778 391 391
779 229 199
780 48 210
781 226 18
782 298 213
783 366 161
784 315 303
785 292 304
786 312 312
787 337 337
788 177 253
789 100 150
790 388 396
791 345 375
792 168 399
793 221 190
794 361 158
795 302 204
796 111 355
797 363 168
798 173 205
799 79 219
800 66 306
801 84 399
802 199 45
803 216 149
804 386 156
805 206 399
806 116 55
807 354 116
808 361 244
809 26 38
810 234 360
811 235 255
812 305 191
813 353 273
814 384 39
815 199 275
816 317 399
817 368 399
818 330 399
819 384 263
820 287 305
821 242 117
822 316 154
823 97 399
824 385 216
825 137 137
826 273 138
827 343 343
828 110 222
829 278 399
830 241 179
831 377 239
832 248 115
833 239 239
834 356 399
835 334 299
836 120 76
837 144 263
838 240 399
839 157 74
840 370 76
841 351 306
842 97 75
843 227 312
844 110 399
845 78 362
846 301 399
847 186 226
848 133 318
849 270 316
850 335 335
851 340 220
852 330 297
853 62 399
854 102 303
855 327 375
856 168 151
857 309 215
858 267 44
859 164 250
860 370 351
861 149 149
862 209 141
863 275 294
864 88 74
865 393 153
866 55 46
867 328 354
868 277 295
869 383 139
870 309 63
871 180 144
872 81 186
873 251 165
874 262 262
875 202 107
876 375 253
877 240 334
878 25 208
879 322 109
880 240 235
881 290 157
882 297 373
883 350 237
884 322 322
885 309 226
886 311 268
887 189 193
888 316 297
889 356 305
890 392 284
891 228 146
892 270 270
893 266 268
894 388 388
895 55 245
896 397 336
897 251 196
898 222 109
899 362 281
900 383 399
901 345 200
902 229 201
903 47 318
904 275 399
905 246 115
906 397 208
907 334 188
908 369 352
909 113 211
910 279 399
911 256 107
912 246 284
913 360 244
914 78 71
915 175 368
916 350 186
917 71 399
918 308 194
919 308 272
920 91 295
921 149 276
922 315 99
923 26 26
924 220 338
925 205 205
926 290 200
927 281 385
928 209 156
929 328 399
930 168 148
931 358 305
932 230 100
933 106 375
934 319 278
935 198 186
936 237 93
937 302 394
938 246 246
939 391 76
940 286 319
941 374 319
942 248 125
943 321 289
944 35 219
945 314 107
946 160 160
947 146 146
948 297 297
949 344 399
950 398 257
951 387 399
952 391 398
953 302 399
954 179 385
955 251 371
956 366 399
957 29 399
958 306 93
959 192 284
960 382 382
961 367 206
962 383 119
963 146 262
964 134 98
965 349 323
966 327 327
967 177 130
968 349 110
969 380 380
970 165 238
971 313 338
972 340 42
973 337 278
974 245 245
975 253 399
976 249 399
977 198 198
978 318 200
979 274 274
980 262 259
981 315 315
982 120 278
983 377 100
984 113 62
985 193 137
986 375 375
987 322 399
988 396 232
989 36 63
990 268 399
991 326 48
992 309 309
993 382 318
994 111 243
995 237 97
996 378 378
997 316 316
998 157 344
999 241 399
1000 225 44
1001 307 307
1002 259 321
1003 344 187
1004 261 261
1005 270 78
1006 394 53
1007 390 390
1008 334 73
1009 378 320
1010 250 379
1011 253 118
1012 296 350
1013 300 293