1123
0 657 12
1 448 430
2 174 170
3 239 1070
4 51 1199
5 354 499
6 428 735
7 828 516
8 887 52
9 820 698
10 83 734
11 328 327
12 292 54
13 10 1199
14 981 979
15 698 688
16 484 950
17 984 327
18 883 1199
19 1198 744
20 1177 1020
21 978 456
22 28 1160
23 234 582
24 1045 1045
25 1025 1097
26 148 716
27 713 708
28 1112 1102
29 168 376
30 855 852
31 712 169
32 1023 1095
33 571 569
34 609 362
35 665 662
36 1194 1194
37 484 187
38 233 233
39 964 964
40 144 1010
41 822 632
42 24 1150
43 820 87
44 144 1006
45 973 965
46 1059 198
47 806 51
48 29 1135
49 1169 1163
50 855 855
51 333 333
52 1167 1163
53 1168 1199
54 1023 314
55 1122 345
56 555 554
57 486 946
58 316 1199
59 148 714
60 1045 224
61 1170 1199
62 715 529
63 1198 1195
64 168 379
65 1166 764
66 490 490
67 118 1085
68 459 1199
69 949 301
70 1192 1185
71 265 1037
72 1123 1116
73 854 854
74 895 914
75 778 1184
76 758 187
77 777 771
78 827 821
79 583 161
80 240 792
81 484 952
82 426 602
83 781 483
84 808 947
85 487 929
86 827 645
87 1137 510
88 311 1199
89 1024 616
90 444 431
91 995 981
92 1044 379
93 298 854
94 324 314
95 880 1174
96 897 1199
97 219 662
98 661 559
99 440 284
100 973 973
101 605 1199
102 1180 1180
103 1106 326
104 268 1052
105 821 821
106 498 496
107 402 402
108 1197 1079
109 114 241
110 976 974
111 1037 262
112 808 805
113 329 329
114 824 824
115 619 971
116 308 1199
117 887 757
118 114 1199
119 479 945
120 657 651
121 101 645
122 90 84
123 609 605
124 314 1199
125 444 13
126 437 257
127 85 732
128 326 326
129 1059 786
130 602 1199
131 893 270
132 853 852
133 470 1199
134 947 945
135 419 823
136 687 945
137 405 404
138 977 643
139 977 977
140 331 1048
141 684 1199
142 965 965
143 942 533
144 485 485
145 974 974
146 856 856
147 1098 673
148 1110 1107
149 404 403
150 1044 463
151 197 762
152 23 1165
153 894 916
154 243 596
155 947 944
156 135 626
157 507 192
158 607 605
159 14 1199
160 1041 609
161 1023 981
162 267 1037
163 84 735
164 491 1199
165 620 980
166 1104 1104
167 227 776
168 714 173
169 812 353
170 1000 997
171 1145 12
172 735 794
173 1150 1046
174 1045 1043
175 973 505
176 878 1199
177 1165 1155
178 799 161
179 494 494
180 701 697
181 320 1110
182 1198 1192
183 1172 1027
184 662 506
185 170 373
186 500 172
187 490 939
188 431 585
189 976 776
190 326 322
191 975 715
192 467 1199
193 814 1199
194 814 910
195 322 322
196 572 571
197 243 566
198 979 550
199 775 771
200 46 266
201 1168 626
202 125 1199
203 203 566
204 1023 1098
205 723 1149
206 698 696
207 808 807
208 659 403
209 703 695
210 986 985
211 169 377
212 1108 1199
213 260 1199
214 1024 343
215 807 861
216 701 701
217 857 662
218 1116 659
219 1172 1172
220 621 461
221 65 221
222 978 978
223 604 440
224 15 1199
225 1193 973
226 803 1199
227 195 195
228 1103 895
229 442 442
230 687 1199
231 689 977
232 964 959
233 252 119
234 392 431
235 872 846
236 844 1170
237 858 855
238 704 702
239 267 1199
240 812 93
241 570 491
242 1023 1199
243 443 441
244 16 1199
245 663 649
246 481 481
247 1046 608
248 1172 1166
249 278 938
250 122 1199
251 853 853
252 806 806
253 785 777
254 949 939
255 402 232
256 700 698
257 945 945
258 703 1038
259 983 981
260 262 1199
261 700 700
262 815 815
263 167 1199
264 295 97
265 22 1134
266 1117 661
267 443 286
268 424 1199
269 464 1199
270 444 444
271 703 515
272 300 1034
273 856 854
274 1194 610
275 445 445
276 501 465
277 1088 761
278 323 980
279 149 713
280 447 435
281 1127 1127
282 1174 1199
283 942 939
284 697 1199
285 233 186
286 127 1199
287 963 963
288 1109 1104
289 462 1199
290 395 817
291 1110 1109
292 110 1150
293 1108 1105
294 1022 1199
295 1043 658
296 1180 1175
297 1021 569
298 619 952
299 114 1136
300 1061 1057
301 387 403
302 857 856
303 1125 1124
304 979 970
305 111 1199
306 389 813
307 998 979
308 427 533
309 65 237
310 688 944
311 18 1199
312 548 441
313 701 554
314 967 964
315 818 1199
316 1114 656
317 608 608
318 512 506
319 826 825
320 715 174
321 464 1172
322 651 672
323 508 325
324 1062 1056
325 1106 312
326 699 691
327 106 349
328 423 627
329 324 1116
330 174 173
331 1105 589
332 968 183
333 36 541
334 942 300
335 943 943
336 1195 168
337 510 508
338 126 1199
339 343 870
340 945 533
341 486 952
342 370 117
343 181 179
344 328 1112
345 1195 871
346 604 1199
347 253 70
348 441 280
349 1195 498
350 660 510
351 970 977
352 551 1199
353 983 982
354 660 660
355 1194 1193
356 1016 1028
357 114 500
358 977 650
359 83 510
360 453 991
361 487 931
362 1125 1125
363 553 553
364 56 1199
365 308 736
366 982 972
367 660 555
368 1195 1194
369 488 954
370 802 877
371 386 406
372 715 707
373 854 852
374 110 1153
375 399 340
376 111 501
377 804 1199
378 753 126
379 506 326
380 946 946
381 222 379
382 1047 1047
383 428 595
384 1105 1104
385 109 530
386 250 755
387 326 1123
388 655 807
389 559 557
390 465 1177
391 381 927
392 884 649
393 979 973
394 877 235
395 24 1149
396 150 714
397 405 405
398 13 1199
399 569 568
400 434 572
401 1024 1199
402 126 754
403 895 179
404 1116 1072
405 546 442
406 320 1199
407 782 779
408 977 774
409 497 493
410 1070 314
411 610 607
412 426 541
413 817 1199
414 884 1169
415 1181 1181
416 67 234
417 90 90
418 1188 272
419 12 526
420 931 171
421 925 708
422 1108 1108
423 28 1156
424 301 704
425 808 414
426 813 1199
427 1134 446
428 1114 1067
429 1126 348
430 814 774
431 806 1199
432 480 857
433 465 729
434 1109 1020
435 1107 1199
436 921 1096
437 120 1199
438 1197 1081
439 89 88
440 166 1199
441 700 511
442 429 597
443 151 161
444 1127 1119
445 470 237
446 813 509
447 972 968
448 1107 730
449 268 186
450 807 802
451 571 571
452 703 699
453 262 790
454 112 1134
455 267 1061
456 699 1199
457 661 1033
458 112 500
459 820 754
460 856 852
461 1198 610
462 1192 862
463 698 698
464 1021 1199
465 803 803
466 1192 163
467 431 603
468 587 431
469 491 955
470 265 1199
471 458 1199
472 484 907
473 1061 1067
474 1172 625
475 855 854
476 110 506
477 909 347
478 139 737
479 497 252
480 1168 625
481 961 961
482 987 805
483 1173 1170
484 1198 311
485 1192 972
486 857 855
487 982 591
488 943 942
489 946 302
490 558 554
491 252 713
492 880 1166
493 353 432
494 1113 652
495 881 1199
496 663 663
497 144 1011
498 804 804
499 1109 1199
500 963 233
501 406 233
502 1105 1101
503 572 572
504 328 328
505 812 1199
506 815 812
507 1107 1106
508 627 980
509 609 609
510 1060 1056
511 264 1040
512 977 1199
513 914 42
514 827 811
515 419 895
516 1105 401
517 1196 306
518 690 1199
519 805 799
520 985 807
521 812 812
522 885 1165
523 909 263
524 714 712
525 944 339
526 389 1136
527 441 441
528 713 1141
529 492 90
530 1166 962
531 255 1199
532 242 760
533 321 1199
534 894 178
535 1197 1191
536 660 482
537 309 1199
538 696 495
539 599 470
540 624 1104
541 985 324
542 879 1177
543 487 953
544 233 231
545 821 813
546 1089 255
547 649 649
548 427 550
549 176 172
550 429 449
551 944 944
552 1123 1123
553 150 711
554 485 481
555 1117 1068
556 1177 1177
557 785 782
558 108 498
559 807 807
560 982 976
561 1156 1161
562 1022 175
563 714 708
564 489 489
565 1107 1107
566 4 1199
567 492 1008
568 652 400
569 389 1106
570 444 279
571 733 552
572 700 506
573 108 420
574 465 1199
575 976 970
576 949 303
577 883 1175
578 176 174
579 725 1045
580 720 265
581 703 703
582 460 1183
583 1169 625
584 474 1133
585 265 1057
586 660 401
587 440 254
588 1197 966
589 550 1199
590 149 715
591 1110 1110
592 661 236
593 53 1199
594 466 1199
595 405 403
596 818 924
597 426 593
598 626 270
599 568 493
600 692 1199
601 176 175
602 968 960
603 110 1199
604 1189 976
605 895 917
606 450 1148
607 775 1029
608 661 764
609 493 1199
610 324 324
611 897 915
612 853 437
613 945 307
614 987 987
615 392 1189
616 1190 813
617 857 1199
618 128 1199
619 1199 1198
620 661 661
621 982 164
622 1022 712
623 8 1199
624 234 232
625 1198 752
626 712 1199
627 894 1199
628 695 1199
629 1045 460
630 971 971
631 687 979
632 192 192
633 619 967
634 448 448
635 1119 1114
636 266 1199
637 106 507
638 657 550
639 711 1141
640 1109 312
641 947 947
642 194 186
643 558 178
644 993 695
645 701 700
646 1056 1021
647 443 443
648 476 131
649 460 1199
650 1047 1043
651 329 327
652 698 1199
653 68 227
654 1199 913
655 395 809
656 252 487
657 323 561
658 964 183
659 492 1199
660 323 1199
661 85 730
662 488 938
663 324 319
664 779 779
665 972 441
666 942 942
667 372 1126
668 259 1199
669 1194 1192
670 877 237
671 95 1025
672 566 62
673 615 945
674 974 682
675 1095 885
676 713 713
677 187 187
678 910 171
679 491 491
680 1022 407
681 1170 1169
682 23 1157
683 716 713
684 325 315
685 715 709
686 85 735
687 406 406
688 330 326
689 170 375
690 941 442
691 654 647
692 426 1199
693 999 999
694 510 505
695 546 1199
696 84 486
697 168 1199
698 509 181
699 1105 1103
700 767 167
701 696 1199
702 616 972
703 68 232
704 547 1199
705 557 556
706 665 511
707 330 325
708 704 701
709 253 1199
710 690 1093
711 325 325
712 767 523
713 822 636
714 1188 32
715 945 938
716 1025 1095
717 381 904
718 490 785
719 17 547
720 508 189
721 932 957
722 1196 1196
723 108 1142
724 713 711
725 946 943
726 1168 189
727 144 1199
728 252 1199
729 332 320
730 688 1199
731 688 105
732 982 979
733 494 491
734 854 441
735 689 777
736 1175 1161
737 663 662
738 434 1199
739 487 232
740 986 168
741 885 1178
742 421 366
743 816 1199
744 393 815
745 391 1182
746 994 854
747 879 1180
748 492 491
749 261 1051
750 985 546
751 1198 1194
752 408 1062
753 258 1199
754 29 542
755 570 568
756 955 930
757 880 981
758 217 798
759 322 319
760 812 1082
761 1021 396
762 1107 1103
763 712 537
764 827 641
765 654 653
766 261 1050
767 1025 1093
768 862 916
769 85 733
770 855 853
771 942 940
772 663 500
773 491 900
774 609 606
775 1125 1119
776 702 702
777 855 447
778 381 346
779 427 1199
780 60 63
781 470 262
782 509 509
783 857 857
784 149 1036
785 1167 1026
786 1118 1116
787 1192 1186
788 175 175
789 1025 229
790 799 53
791 782 781
792 188 186
793 701 695
794 896 920
795 90 86
796 760 653
797 883 1170
798 324 1114
799 86 734
800 802 1065
801 112 498
802 1126 1126
803 68 222
804 965 507
805 814 42
806 456 425
807 609 607
808 1080 886
809 492 1009
810 63 235
811 700 1199
812 994 982
813 600 1199
814 1061 1061
815 802 870
816 319 319
817 319 1199
818 809 809
819 67 231
820 1156 601
821 855 813
822 96 272
823 559 320
824 899 683
825 777 777
826 1019 1199
827 1195 855
828 257 1199
829 123 1199
830 1045 804
831 220 271
832 486 485
833 943 941
834 962 234
835 944 936
836 552 1199
837 249 297
838 982 580
839 1062 1062
840 985 973
841 613 935
842 335 199
843 588 1199
844 464 1132
845 91 90
846 698 697
847 104 1147
848 540 964
849 106 1154
850 808 129
851 538 146
852 49 120
853 448 447
854 119 1199
855 781 779
856 979 979
857 1060 1060
858 1105 1105
859 28 1146
860 980 980
861 715 715
862 659 659
863 232 230
864 547 440
865 1164 624
866 1167 1199
867 1046 1045
868 807 804
869 858 858
870 315 1199
871 428 1199
872 1185 1133
873 949 949
874 1024 230
875 995 990
876 818 393
877 1188 1188
878 130 167
879 1104 1199
880 975 975
881 844 445
882 492 485
883 802 864
884 1116 1110
885 1195 856
886 800 1199
887 256 1199
888 117 581
889 467 1177
890 568 490
891 509 222
892 394 808
893 820 746
894 978 974
895 700 494
896 812 1067
897 17 33
898 967 967
899 656 16
900 986 1071
901 966 963
902 812 607
903 782 782
904 445 437
905 394 816
906 1198 1198
907 253 90
908 1056 1052
909 426 545
910 267 1051
911 572 566
912 1063 1053
913 254 1199
914 1137 659
915 988 923
916 1114 1114
917 687 252
918 1175 1175
919 1046 1044
920 1150 482
921 608 607
922 1023 551
923 332 332
924 1058 1056
925 1063 1063
926 572 568
927 790 448
928 1104 1101
929 696 840
930 697 397
931 945 944
932 780 1180
933 731 1018
934 13 543
935 857 853
936 497 497
937 945 344
938 699 698
939 1116 1116
940 558 557
941 392 813
942 494 1199
943 1121 610
944 557 555
945 17 1199
946 1055 1054
947 510 502
948 942 938
949 508 508
950 773 692
951 497 478
952 1183 113
953 505 195
954 1108 1104
955 1000 807
956 1190 1190
957 1024 1092
958 442 278
959 1118 66
960 570 569
961 387 414
962 1169 855
963 106 511
964 610 610
965 660 654
966 509 501
967 802 869
968 807 875
969 826 174
970 1170 628
971 1059 1059
972 716 716
973 1013 415
974 512 512
975 1112 654
976 493 1097
977 1120 356
978 148 710
979 966 960
980 958 958
981 687 984
982 776 730
983 1198 871
984 1193 867
985 1123 1120
986 797 1199
987 86 727
988 523 847
989 1088 261
990 486 486
991 492 492
992 425 1199
993 977 754
994 799 814
995 621 934
996 144 271
997 428 591
998 802 90
999 405 234
1000 894 781
1001 124 1199
1002 946 308
1003 619 940
1004 1012 1083
1005 17 1151
1006 443 438
1007 448 277
1008 940 940
1009 814 814
1010 984 982
1011 322 1199
1012 883 654
1013 881 158
1014 469 1167
1015 1103 413
1016 1119 1113
1017 45 427
1018 1117 662
1019 620 977
1020 442 281
1021 1106 1105
1022 590 418
1023 1104 646
1024 678 507
1025 823 823
1026 1191 1191
1027 1112 1112
1028 1198 321
1029 665 519
1030 691 1199
1031 714 168
1032 1172 1170
1033 1110 1102
1034 1174 1168
1035 469 1199
1036 660 638
1037 999 1198
1038 239 823
1039 699 699
1040 698 393
1041 329 321
1042 822 923
1043 87 85
1044 1167 1167
1045 1107 1038
1046 328 318
1047 799 492
1048 479 195
1049 325 323
1050 798 1199
1051 811 1199
1052 881 1163
1053 128 462
1054 763 522
1055 388 398
1056 698 27
1057 921 271
1058 896 182
1059 455 1106
1060 590 1199
1061 431 583
1062 484 484
1063 149 711
1064 333 317
1065 1073 307
1066 959 959
1067 775 775
1068 618 942
1069 263 1061
1070 146 924
1071 1192 971
1072 267 801
1073 459 1175
1074 1113 1103
1075 1052 443
1076 588 90
1077 1045 1199
1078 586 71
1079 85 727
1080 983 983
1081 117 1199
1082 1118 1118
1083 603 392
1084 814 811
1085 1123 350
1086 1109 1109
1087 445 439
1088 192 191
1089 493 481
1090 183 63
1091 1173 938
1092 806 523
1093 603 1199
1094 807 795
1095 169 375
1096 882 1166
1097 472 1199
1098 406 403
1099 556 556
1100 486 932
1101 83 1198
1102 1122 1120
1103 1065 1129
1104 487 959
1105 310 1199
1106 95 332
1107 389 817
1108 195 181
1109 548 1055
1110 998 998
1111 699 695
1112 1122 1122
1113 239 778
1114 1019 872
1115 557 557
1116 1113 1113
1117 964 194
1118 814 571
1119 589 1199
1120 1174 1165
1121 1024 1096
1122 824 700