1123
0 320 294
1 307 300
2 301 280
3 315 282
4 312 317
5 322 294
6 304 320
7 329 284
8 323 320
9 317 286
10 324 282
11 307 285
12 319 310
13 337 310
14 322 287
15 977 828
16 977 800
17 993 801
18 955 821
19 952 831
20 1007 829
21 979 844
22 943 844
23 985 809
24 949 792
25 983 794
26 959 834
27 964 812
28 995 804
29 981 490
30 974 410
31 977 393
32 1040 400
33 971 418
34 978 493
35 994 440
36 989 478
37 996 415
38 971 401
39 1014 468
40 999 458
41 991 494
42 933 486
43 996 490
44 962 491
45 777 335
46 780 339
47 788 339
48 762 334
49 790 340
50 789 331
51 781 338
52 782 352
53 765 330
54 790 335
55 783 334
56 762 331
57 764 332
58 822 226
59 788 225
60 823 177
61 829 215
62 783 213
63 828 202
64 831 216
65 779 185
66 807 216
67 781 218
68 821 181
69 820 186
70 792 179
71 786 222
72 1163 761
73 1160 768
74 1197 771
75 1158 767
76 1182 745
77 1187 760
78 1163 727
79 1187 734
80 1162 716
81 1176 749
82 1145 732
83 1198 718
84 1180 734
85 1190 764
86 1195 775
87 720 1124
88 645 1127
89 675 1199
90 695 1186
91 713 1168
92 658 1196
93 734 1195
94 652 1156
95 693 1148
96 721 1168
97 703 1183
98 713 1183
99 974 107
100 974 120
101 952 91
102 944 141
103 963 105
104 978 118
105 944 114
106 957 150
107 939 160
108 929 130
109 976 100
110 911 135
111 948 156
112 966 125
113 967 149
114 931 120
115 604 831
116 603 834
117 599 776
118 606 768
119 627 776
120 615 777
121 628 829
122 642 774
123 610 786
124 650 798
125 606 789
126 618 795
127 610 816
128 604 810
129 581 822
130 652 816
131 491 713
132 454 676
133 462 751
134 490 687
135 491 691
136 457 718
137 516 757
138 449 748
139 445 730
140 486 725
141 513 679
142 434 733
143 508 709
144 506 691
145 488 765
146 983 611
147 974 656
148 958 605
149 935 649
150 968 613
151 959 606
152 943 614
153 980 658
154 989 662
155 937 629
156 971 652
157 934 605
158 970 605
159 947 657
160 937 647
161 952 663
162 222 224
163 223 207
164 225 221
165 236 211
166 223 209
167 222 210
168 242 206
169 237 209
170 235 210
171 228 214
172 229 204
173 502 382
174 498 406
175 500 382
176 498 392
177 522 409
178 508 413
179 508 401
180 518 381
181 511 393
182 495 396
183 506 410
184 508 410
185 520 388
186 167 36
187 150 60
188 217 35
189 233 36
190 194 17
191 167 17
192 200 34
193 235 73
194 161 58
195 155 27
196 230 58
197 172 21
198 226 78
199 193 48
200 232 16
201 150 25
202 180 63
203 636 185
204 633 146
205 653 143
206 659 185
207 683 134
208 656 166
209 656 189
210 667 149
211 646 142
212 673 172
213 645 186
214 676 146
215 675 137
216 965 13
217 962 24
218 922 24
219 950 24
220 950 16
221 937 16
222 959 23
223 958 10
224 932 4
225 927 28
226 720 1039
227 710 1042
228 713 1037
229 691 1021
230 682 1044
231 690 1037
232 685 1023
233 689 1027
234 678 1021
235 721 1043
236 709 1052
237 675 1045
238 692 1014
239 598 928
240 584 918
241 602 953
242 622 918
243 621 935
244 619 921
245 613 945
246 614 931
247 605 919
248 616 944
249 619 927
250 589 927
251 585 935
252 267 821
253 276 818
254 259 773
255 246 740
256 276 740
257 252 787
258 293 794
259 302 759
260 259 755
261 228 788
262 253 779
263 292 832
264 281 830
265 256 817
266 541 1160
267 550 1145
268 567 1158
269 547 1159
270 531 1174
271 565 1140
272 563 1147
273 564 1133
274 538 1143
275 560 1158
276 540 1154
277 543 1143
278 554 1171
279 536 1131
280 862 544
281 862 555
282 852 553
283 864 559
284 858 544
285 861 562
286 853 555
287 845 549
288 850 548
289 467 21
290 482 49
291 404 43
292 457 46
293 452 48
294 478 0
295 461 25
296 442 21
297 471 29
298 466 17
299 286 510
300 253 538
301 193 547
302 207 486
303 191 557
304 227 545
305 209 475
306 223 543
307 204 500
308 218 540
309 244 474
310 218 544
311 239 476
312 211 495
313 207 494
314 253 485
315 247 528
316 301 114
317 345 58
318 346 55
319 324 109
320 339 62
321 336 107
322 328 81
323 311 73
324 291 59
325 305 121
326 309 114
327 320 88
328 288 87
329 320 54
330 304 81
331 865 1028
332 895 1013
333 876 1008
334 864 1007
335 890 1023
336 883 1015
337 884 1009
338 900 1025
339 882 1050
340 870 1050
341 864 1009
342 888 1036
343 899 1023
344 114 1143
345 118 1172
346 126 1195
347 71 1138
348 92 1140
349 106 1137
350 117 1163
351 84 1117
352 134 1174
353 114 1101
354 114 1185
355 154 1151
356 68 1182
357 99 1156
358 151 1106
359 60 1119
360 37 562
361 47 603
362 60 576
363 12 552
364 26 570
365 25 566
366 2 577
367 24 569
368 30 590
369 65 559
370 32 589
371 13 623
372 472 1055
373 443 1039
374 466 1067
375 491 1041
376 494 1047
377 433 1028
378 429 1050
379 499 1048
380 487 1073
381 470 1090
382 447 1040
383 454 1024
384 499 1062
385 437 1065
386 488 1052
387 497 1073
388 1129 1106
389 1098 1103
390 1109 1103
391 1099 1099
392 1136 1124
393 1135 1115
394 1107 1101
395 1105 1119
396 1131 1103
397 1133 1086
398 1119 1087
399 1103 1101
400 1134 1114
401 1113 1085
402 701 582
403 618 539
404 660 593
405 695 553
406 693 623
407 703 585
408 624 621
409 648 596
410 689 610
411 692 561
412 687 620
413 642 606
414 667 599
415 628 559
416 668 591
417 400 292
418 416 297
419 387 289
420 408 284
421 386 294
422 390 264
423 394 298
424 395 265
425 411 257
426 397 268
427 408 279
428 420 274
429 400 285
430 405 256
431 400 281
432 126 289
433 119 295
434 124 328
435 122 317
436 117 319
437 91 303
438 118 317
439 117 317
440 91 325
441 130 319
442 114 289
443 105 301
444 112 313
445 118 314
446 1021 1062
447 1026 1055
448 1034 1063
449 1015 1051
450 1027 1065
451 1022 1065
452 1032 1063
453 1024 1070
454 1025 1068
455 1020 1061
456 91 163
457 59 131
458 68 143
459 59 123
460 83 169
461 76 135
462 43 160
463 87 156
464 91 148
465 87 136
466 86 134
467 45 136
468 57 139
469 70 172
470 985 967
471 1000 948
472 990 976
473 985 979
474 996 986
475 971 940
476 971 948
477 973 975
478 960 989
479 995 982
480 973 994
481 964 943
482 966 980
483 955 964
484 1003 968
485 957 984
486 716 681
487 708 683
488 728 698
489 707 706
490 714 703
491 692 709
492 715 693
493 701 694
494 698 692
495 698 678
496 714 705
497 721 673
498 728 696
499 703 707
500 711 688
501 435 892
502 429 869
503 437 872
504 426 880
505 431 892
506 412 890
507 443 889
508 424 864
509 438 875
510 439 884
511 435 891
512 418 880
513 420 869
514 40 304
515 33 239
516 46 245
517 22 265
518 46 241
519 7 264
520 48 274
521 48 273
522 30 277
523 16 281
524 710 454
525 710 484
526 692 470
527 701 457
528 711 463
529 710 476
530 709 470
531 699 463
532 707 454
533 695 477
534 704 470
535 710 467
536 1139 278
537 1136 287
538 1108 263
539 1120 259
540 1112 267
541 1133 258
542 1133 260
543 1133 269
544 1105 276
545 1115 290
546 1114 284
547 1108 282
548 1119 261
549 380 483
550 405 534
551 401 511
552 441 542
553 461 509
554 387 514
555 428 504
556 432 526
557 450 548
558 432 464
559 419 481
560 454 507
561 475 537
562 443 523
563 391 515
564 438 537
565 1080 53
566 1045 68
567 1067 98
568 1037 78
569 1062 77
570 1036 91
571 1066 92
572 1059 56
573 1052 92
574 1041 76
575 1078 96
576 1042 83
577 1070 84
578 30 966
579 7 966
580 24 950
581 23 951
582 12 960
583 25 959
584 16 947
585 16 956
586 9 970
587 31 947
588 22 962
589 33 975
590 1121 872
591 1096 890
592 1114 848
593 1103 861
594 1129 890
595 1104 878
596 1116 883
597 1101 859
598 1087 884
599 1096 885
600 1116 852
601 1109 853
602 1098 877
603 1087 874
604 1086 867
605 293 1102
606 340 1118
607 314 1117
608 299 1102
609 314 1097
610 336 1110
611 341 1072
612 315 1086
613 310 1064
614 319 1077
615 290 1086
616 338 1059
617 297 1089
618 278 1110
619 92 397
620 84 399
621 88 401
622 95 404
623 86 407
624 91 397
625 91 408
626 80 420
627 89 395
628 73 421
629 89 410
630 1094 642
631 1116 622
632 1120 622
633 1117 634
634 1118 632
635 1098 638
636 1122 634
637 1095 641
638 1114 641
639 1114 628
640 1099 615
641 1124 620
642 50 828
643 76 849
644 41 850
645 46 870
646 23 855
647 48 858
648 51 839
649 62 846
650 41 821
651 25 865
652 67 844
653 66 835
654 66 848
655 69 862
656 60 817
657 285 679
658 290 647
659 243 651
660 225 638
661 254 651
662 225 694
663 233 686
664 233 642
665 254 640
666 274 685
667 290 695
668 301 640
669 285 635
670 247 659
671 224 685
672 9 711
673 27 735
674 21 720
675 18 725
676 25 690
677 4 689
678 24 694
679 5 742
680 18 742
681 1141 182
682 1139 168
683 1156 103
684 1135 143
685 1183 134
686 1186 171
687 1152 123
688 1146 159
689 1166 191
690 1185 122
691 1148 189
692 1143 174
693 158 1047
694 166 1036
695 180 1042
696 164 1051
697 168 1055
698 159 1054
699 153 1044
700 166 1048
701 170 1047
702 180 1043
703 167 1041
704 180 1048
705 1189 342
706 1184 358
707 1183 372
708 1173 366
709 1183 371
710 1167 389
711 1177 377
712 1178 370
713 1199 354
714 485 938
715 482 941
716 500 928
717 487 946
718 489 933
719 488 931
720 503 935
721 481 946
722 482 932
723 499 935
724 1178 487
725 1183 492
726 1179 475
727 1190 487
728 1192 459
729 1178 499
730 1191 469
731 1180 488
732 1188 468
733 150 566
734 153 577
735 149 582
736 135 583
737 144 585
738 135 566
739 151 578
740 137 581
741 975 229
742 1002 230
743 965 218
744 949 212
745 963 257
746 972 262
747 996 218
748 947 232
749 996 258
750 966 239
751 997 223
752 1002 208
753 985 224
754 977 211
755 951 259
756 1048 810
757 1049 828
758 1046 823
759 1046 825
760 1045 816
761 1056 811
762 1045 810
763 1037 817
764 1044 819
765 1037 813
766 616 259
767 607 251
768 621 251
769 622 250
770 600 270
771 611 252
772 613 272
773 621 249
774 623 266
775 620 266
776 621 261
777 600 248
778 593 251
779 798 1075
780 804 1066
781 814 1058
782 823 1078
783 780 1083
784 815 1053
785 792 1064
786 823 1055
787 805 1095
788 808 1062
789 797 1087
790 823 1050
791 784 1084
792 809 1095
793 799 1079
794 135 954
795 118 929
796 115 920
797 112 955
798 114 911
799 122 946
800 136 934
801 133 913
802 111 925
803 128 930
804 124 943
805 137 924
806 135 957
807 120 952
808 164 282
809 160 281
810 180 278
811 175 277
812 160 263
813 180 277
814 178 267
815 175 271
816 174 264
817 180 271
818 442 134
819 522 203
820 453 151
821 487 193
822 499 173
823 515 153
824 456 140
825 490 171
826 519 139
827 506 171
828 490 192
829 508 188
830 446 171
831 474 179
832 444 208
833 900 896
834 884 897
835 887 900
836 890 908
837 884 903
838 902 921
839 881 898
840 887 894
841 891 892
842 881 896
843 900 919
844 889 911
845 242 1003
846 240 998
847 245 1004
848 246 989
849 258 988
850 252 989
851 246 995
852 246 1007
853 241 984
854 261 981
855 239 983
856 253 1002
857 783 564
858 780 556
859 770 570
860 766 574
861 783 552
862 788 571
863 773 568
864 767 589
865 791 582
866 776 553
867 799 590
868 781 578
869 794 562
870 109 743
871 131 762
872 152 722
873 120 702
874 130 742
875 138 746
876 144 716
877 100 763
878 141 718
879 100 754
880 132 717
881 118 748
882 128 716
883 138 708
884 116 704
885 93 717
886 130 741
887 154 429
888 152 436
889 140 421
890 152 431
891 149 422
892 157 438
893 160 425
894 154 432
895 160 423
896 143 427
897 1121 944
898 1090 937
899 1105 961
900 1093 953
901 1089 944
902 1103 952
903 1089 954
904 1100 935
905 1119 931
906 1107 930
907 1088 941
908 1092 929
909 1099 940
910 834 1139
911 834 1151
912 842 1179
913 830 1169
914 791 1174
915 809 1157
916 789 1146
917 833 1171
918 803 1143
919 808 1179
920 827 1131
921 822 1144
922 838 1135
923 802 1133
924 827 1153
925 1026 1139
926 1008 1165
927 1038 1154
928 1018 1152
929 1018 1142
930 1033 1152
931 1029 1154
932 1044 1161
933 1016 1154
934 1033 1145
935 1016 1178
936 1043 1153
937 1025 1149
938 393 411
939 402 376
940 411 365
941 414 373
942 376 371
943 422 405
944 371 361
945 386 397
946 366 389
947 370 393
948 359 379
949 382 395
950 354 371
951 406 416
952 397 431
953 568 389
954 575 381
955 577 395
956 574 385
957 573 388
958 576 400
959 578 396
960 568 381
961 582 383
962 567 376
963 568 380
964 571 375
965 567 377
966 496 270
967 494 262
968 469 263
969 510 257
970 508 283
971 514 253
972 516 300
973 478 272
974 500 292
975 519 262
976 478 284
977 490 297
978 473 273
979 491 273
980 844 479
981 825 489
982 793 436
983 795 435
984 840 423
985 799 428
986 845 491
987 809 488
988 790 465
989 828 456
990 845 429
991 818 496
992 848 476
993 806 440
994 806 452
995 797 472
996 831 452
997 584 1050
998 585 1050
999 595 1041
1000 578 1041
1001 581 1039
1002 594 1044
1003 593 1052
1004 593 1054
1005 586 1051
1006 69 38
1007 94 59
1008 79 57
1009 100 57
1010 82 42
1011 98 35
1012 103 61
1013 93 61
1014 74 42
1015 98 33
1016 77 76
1017 85 41
1018 77 35
1019 72 62
1020 682 14
1021 686 47
1022 678 12
1023 714 19
1024 689 37
1025 701 37
1026 693 37
1027 716 32
1028 702 39
1029 706 35
1030 670 28
1031 669 48
1032 161 167
1033 180 166
1034 171 164
1035 180 175
1036 179 159
1037 188 171
1038 163 154
1039 188 173
1040 186 148
1041 180 160
1042 164 161
1043 174 170
1044 180 159
1045 1165 1058
1046 1196 1070
1047 1190 1075
1048 1190 1059
1049 1174 1069
1050 1168 1084
1051 1182 1022
1052 1182 1049
1053 1170 1026
1054 799 858
1055 772 841
1056 783 820
1057 809 850
1058 801 861
1059 791 851
1060 815 857
1061 821 852
1062 824 858
1063 805 818
1064 790 837
1065 790 860
1066 811 812
1067 805 813
1068 791 816
1069 851 361
1070 859 361
1071 868 353
1072 846 348
1073 857 368
1074 855 361
1075 865 355
1076 867 358
1077 858 351
1078 866 359
1079 852 366
1080 244 1184
1081 244 1165
1082 236 1172
1083 254 1183
1084 255 1174
1085 243 1195
1086 256 1193
1087 280 1183
1088 249 1182
1089 238 1166
1090 275 1176
1091 808 27
1092 819 16
1093 803 31
1094 824 19
1095 802 25
1096 802 14
1097 820 20
1098 820 21
1099 809 14
1100 821 33
1101 815 34
1102 405 593
1103 409 609
1104 410 594
1105 387 609
1106 397 598
1107 395 624
1108 369 587
1109 401 594
1110 376 592
1111 405 606
1112 406 589
1113 403 608
1114 398 590
1115 382 590
1116 311 890
1117 330 888
1118 341 885
1119 295 910
1120 330 878
1121 340 880
1122 310 924