1014
0 347 303
1 352 319
2 354 118
3 48 108
4 334 364
5 361 98
6 179 367
7 188 10
8 252 106
9 57 27
10 200 109
11 13 178
12 153 155
13 241 349
14 365 365
15 273 19
16 20 220
17 124 170
18 142 58
19 301 156
20 378 214
21 27 98
22 173 173
23 90 11
24 101 151
25 212 249
26 144 111
27 216 77
28 296 112
29 263 134
30 272 40
31 214 399
32 150 38
33 203 200
34 67 313
35 30 355
36 218 18
37 191 244
38 54 333
39 255 8
40 258 128
41 97 61
42 336 241
43 349 387
44 394 95
45 228 171
46 30 59
47 356 232
48 395 24
49 262 198
50 381 274
51 286 149
52 213 213
53 394 226
54 13 379
55 9 287
56 367 102
57 260 247
58 306 285
59 167 203
60 126 93
61 15 332
62 194 60
63 315 215
64 244 387
65 247 293
66 181 127
67 86 170
68 131 166
69 359 312
70 310 146
71 360 158
72 333 365
73 124 9
74 396 326
75 162 234
76 171 396
77 354 50
78 326 117
79 199 57
80 316 12
81 278 113
82 399 259
83 174 77
84 284 200
85 87 82
86 56 364
87 190 29
88 173 10
89 63 220
90 71 137
91 321 277
92 52 67
93 159 124
94 44 24
95 378 154
96 217 284
97 372 189
98 36 32
99 2 177
100 84 63
101 84 376
102 394 138
103 171 55
104 296 208
105 208 208
106 117 346
107 173 2
108 212 360
109 281 135
110 106 235
111 203 399
112 305 40
113 28 351
114 302 231
115 257 301
116 219 353
117 348 62
118 8 12
119 337 212
120 221 262
121 72 199
122 317 9
123 341 107
124 142 319
125 248 248
126 2 13
127 110 18
128 233 393
129 242 356
130 178 1
131 163 266
132 229 155
133 49 305
134 221 151
135 36 151
136 19 235
137 2 379
138 44 285
139 179 87
140 383 189
141 22 217
142 63 224
143 344 65
144 278 212
145 84 136
146 222 88
147 168 100
148 134 102
149 346 120
150 73 118
151 188 312
152 147 131
153 310 112
154 132 291
155 108 333
156 142 131
157 332 74
158 66 304
159 12 190
160 290 22
161 346 203
162 31 367
163 335 168
164 378 308
165 247 188
166 290 383
167 185 341
168 7 351
169 42 217
170 268 46
171 379 70
172 295 245
173 204 304
174 75 229
175 183 115
176 88 251
177 395 258
178 162 252
179 122 72
180 172 106
181 146 261
182 168 336
183 214 286
184 156 361
185 132 333
186 195 103
187 54 183
188 15 303
189 299 323
190 18 237
191 392 319
192 256 188
193 60 141
194 265 16
195 145 280
196 346 52
197 197 194
198 173 324
199 266 96
200 88 79
201 214 381
202 15 355
203 78 144
204 131 388
205 200 226
206 21 129
207 168 240
208 367 312
209 315 327
210 157 174
211 335 384
212 397 387
213 106 257
214 181 216
215 78 83
216 97 130
217 174 215
218 76 146
219 349 343
220 363 9
221 329 138
222 319 19
223 199 129
224 269 293
225 146 12
226 272 165
227 45 395
228 391 159
229 294 302
230 363 396
231 124 40
232 260 59
233 269 79
234 20 199
235 242 3
236 18 17
237 220 88
238 228 147
239 201 264
240 168 147
241 340 94
242 121 140
243 210 148
244 135 161
245 381 80
246 19 156
247 139 39
248 176 177
249 195 63
250 312 276
251 238 90
252 352 252
253 213 247
254 386 267
255 361 129
256 344 211
257 354 279
258 338 344
259 54 273
260 43 289
261 25 307
262 392 335
263 44 199
264 314 167
265 162 128
266 283 215
267 117 361
268 227 327
269 397 115
270 158 245
271 79 62
272 108 81
273 174 204
274 26 370
275 82 120
276 257 309
277 183 330
278 304 81
279 395 387
280 82 396
281 355 204
282 251 209
283 231 262
284 297 320
285 227 124
286 133 221
287 170 297
288 97 162
289 222 102
290 210 222
291 273 156
292 178 64
293 393 212
294 119 125
295 72 236
296 191 232
297 250 326
298 211 148
299 88 30
300 261 383
301 241 363
302 168 188
303 81 101
304 307 166
305 84 147
306 370 127
307 250 97
308 93 232
309 4 300
310 385 152
311 323 335
312 58 293
313 131 385
314 118 398
315 384 254
316 129 185
317 118 312
318 233 15
319 164 113
320 297 298
321 250 12
322 60 40
323 131 351
324 358 397
325 397 374
326 353 121
327 318 391
328 53 388
329 70 4
330 82 242
331 224 177
332 223 192
333 139 226
334 123 280
335 101 16
336 31 180
337 141 308
338 320 115
339 28 260
340 219 187
341 290 1
342 84 334
343 341 267
344 146 56
345 313 138
346 368 307
347 63 207
348 158 145
349 89 86
350 5 97
351 273 33
352 136 8
353 362 106
354 384 361
355 266 122
356 369 322
357 399 244
358 316 389
359 109 61
360 120 171
361 211 302
362 282 158
363 192 270
364 47 44
365 136 114
366 90 292
367 83 6
368 294 343
369 381 219
370 64 279
371 305 254
372 165 63
373 355 104
374 184 47
375 113 30
376 249 174
377 329 109
378 241 223
379 137 24
380 301 113
381 23 142
382 11 107
383 38 304
384 102 69
385 346 1
386 325 311
387 121 306
388 283 240
389 195 314
390 150 354
391 328 349
392 51 192
393 64 340
394 256 369
395 74 69
396 325 359
397 119 189
398 110 182
399 26 215
400 302 159
401 305 239
402 105 177
403 148 263
404 147 196
405 278 276
406 32 281
407 235 125
408 190 66
409 67 168
410 42 346
411 219 103
412 131 377
413 45 272
414 273 162
415 109 87
416 376 389
417 79 315
418 118 318
419 313 50
420 221 20
421 77 304
422 135 207
423 313 238
424 209 40
425 51 81
426 215 313
427 257 50
428 261 190
429 287 274
430 149 231
431 346 383
432 274 199
433 326 196
434 283 341
435 297 125
436 274 100
437 127 251
438 310 160
439 2 26
440 245 264
441 201 95
442 56 203
443 335 72
444 89 23
445 283 233
446 186 197
447 177 156
448 126 312
449 150 243
450 119 138
451 16 77
452 156 88
453 174 238
454 243 202
455 69 397
456 343 172
457 162 190
458 336 274
459 207 395
460 190 377
461 141 177
462 328 287
463 322 364
464 199 249
465 183 266
466 297 376
467 152 250
468 257 129
469 330 235
470 179 37
471 88 149
472 311 290
473 55 137
474 58 181
475 328 282
476 126 347
477 95 8
478 237 85
479 315 118
480 133 203
481 314 287
482 334 320
483 116 60
484 316 67
485 109 289
486 272 330
487 309 268
488 61 348
489 147 325
490 49 8
491 247 149
492 13 51
493 106 224
494 182 189
495 252 187
496 234 192
497 74 220
498 217 343
499 147 355
500 271 293
501 303 386
502 124 235
503 334 76
504 87 240
505 53 210
506 42 18
507 301 303
508 204 77
509 393 3
510 299 378
511 396 273
512 7 157
513 333 26
514 111 20
515 2 5
516 120 67
517 25 242
518 399 216
519 198 180
520 15 181
521 358 225
522 82 108
523 1 221
524 183 27
525 140 68
526 196 209
527 306 181
528 209 133
529 183 297
530 263 34
531 390 287
532 194 388
533 148 95
534 29 23
535 11 267
536 94 178
537 61 196
538 399 335
539 3 338
540 266 253
541 49 399
542 41 93
543 399 172
544 141 97
545 65 286
546 305 169
547 44 20
548 336 53
549 151 361
550 199 186
551 77 370
552 294 7
553 197 163
554 65 281
555 202 38
556 230 112
557 86 164
558 340 284
559 24 355
560 100 199
561 114 277
562 239 353
563 288 83
564 397 128
565 203 327
566 305 61
567 79 56
568 271 270
569 301 318
570 32 257
571 330 186
572 172 188
573 299 214
574 211 62
575 304 329
576 90 396
577 271 263
578 11 275
579 40 185
580 41 42
581 36 232
582 156 163
583 138 175
584 56 144
585 122 128
586 377 339
587 354 258
588 194 285
589 283 194
590 80 56
591 149 236
592 308 360
593 290 134
594 342 317
595 38 236
596 319 339
597 304 279
598 366 323
599 289 387
600 392 64
601 15 85
602 153 369
603 104 387
604 345 16
605 170 352
606 101 164
607 381 340
608 77 343
609 66 182
610 175 336
611 360 105
612 26 231
613 326 31
614 31 107
615 315 42
616 279 197
617 379 267
618 371 308
619 36 236
620 208 218
621 397 350
622 244 80
623 365 282
624 148 201
625 312 128
626 30 117
627 75 323
628 201 115
629 23 397
630 127 99
631 288 125
632 8 86
633 155 107
634 190 321
635 92 375
636 68 142
637 32 116
638 39 327
639 338 306
640 323 54
641 352 50
642 347 396
643 293 348
644 179 315
645 165 305
646 383 308
647 253 46
648 52 386
649 257 202
650 380 391
651 55 87
652 224 84
653 372 68
654 268 139
655 386 148
656 225 114
657 359 103
658 57 279
659 39 266
660 10 64
661 94 46
662 113 59
663 338 343
664 333 307
665 213 219
666 216 340
667 365 67
668 59 383
669 134 150
670 314 328
671 268 325
672 286 167
673 234 31
674 203 371
675 64 344
676 396 309
677 276 213
678 312 196
679 396 4
680 369 336
681 61 133
682 397 372
683 218 174
684 180 250
685 363 275
686 114 236
687 311 399
688 67 301
689 66 66
690 120 294
691 355 160
692 91 343
693 200 302
694 128 382
695 270 305
696 251 19
697 257 222
698 69 121
699 311 250
700 344 46
701 276 176
702 27 15
703 141 313
704 331 177
705 180 242
706 242 42
707 19 370
708 69 86
709 324 260
710 197 60
711 89 306
712 187 244
713 110 60
714 237 64
715 46 48
716 186 153
717 88 349
718 82 146
719 191 10
720 1 101
721 7 384
722 89 81
723 225 15
724 3 9
725 263 182
726 361 170
727 118 341
728 4 357
729 40 317
730 45 345
731 49 93
732 118 321
733 107 82
734 114 357
735 150 318
736 25 226
737 135 218
738 193 317
739 52 240
740 167 289
741 111 12
742 300 126
743 242 188
744 11 341
745 253 289
746 96 17
747 222 14
748 150 69
749 58 236
750 165 248
751 149 370
752 93 247
753 191 196
754 104 216
755 71 385
756 292 355
757 121 299
758 343 57
759 191 398
760 44 280
761 89 67
762 268 69
763 172 89
764 296 283
765 188 335
766 78 325
767 221 229
768 342 329
769 193 130
770 338 113
771 220 74
772 244 134
773 113 16
774 117 193
775 328 356
776 185 51
777 3 265
778 120 30
779 76 339
780 291 100
781 125 283
782 194 214
783 318 51
784 246 203
785 185 287
786 162 107
787 358 387
788 355 222
789 243 132
790 171 39
791 137 363
792 197 222
793 300 26
794 234 184
795 279 200
796 68 207
797 37 41
798 282 248
799 347 108
800 63 378
801 282 186
802 143 317
803 279 153
804 8 92
805 62 331
806 100 36
807 187 49
808 16 110
809 214 363
810 157 94
811 369 223
812 215 361
813 398 381
814 139 135
815 224 221
816 396 115
817 395 321
818 164 352
819 87 88
820 64 322
821 238 239
822 290 21
823 153 297
824 396 162
825 153 5
826 198 326
827 223 1
828 205 389
829 329 71
830 87 257
831 124 378
832 345 292
833 318 78
834 140 330
835 60 126
836 239 83
837 271 95
838 290 2
839 267 307
840 313 131
841 90 352
842 162 182
843 46 325
844 173 92
845 347 176
846 43 18
847 345 80
848 295 278
849 307 142
850 180 350
851 379 73
852 144 359
853 340 114
854 75 102
855 270 209
856 38 276
857 127 9
858 398 57
859 144 58
860 368 199
861 132 125
862 203 36
863 247 367
864 149 46
865 110 321
866 141 118
867 84 283
868 67 377
869 319 137
870 98 310
871 121 182
872 56 88
873 47 345
874 168 41
875 179 383
876 197 217
877 126 264
878 241 204
879 96 141
880 268 230
881 276 258
882 177 388
883 206 20
884 193 71
885 251 357
886 33 290
887 36 226
888 213 209
889 131 337
890 334 38
891 375 234
892 115 9
893 119 124
894 235 66
895 334 182
896 158 167
897 129 317
898 137 244
899 169 23
900 96 146
901 79 373
902 63 141
903 1 219
904 327 393
905 223 125
906 376 373
907 89 140
908 197 6
909 95 390
910 193 241
911 267 343
912 34 76
913 40 125
914 117 8
915 3 206
916 70 29
917 9 57
918 228 343
919 140 146
920 81 132
921 331 252
922 293 328
923 255 68
924 20 331
925 142 17
926 131 226
927 14 351
928 199 382
929 169 229
930 50 264
931 49 84
932 88 191
933 191 35
934 315 47
935 26 137
936 275 91
937 358 70
938 221 191
939 258 226
940 45 188
941 265 159
942 59 335
943 294 71
944 167 274
945 23 99
946 109 296
947 67 359
948 257 72
949 321 68
950 290 121
951 142 93
952 205 298
953 385 181
954 101 139
955 202 271
956 338 388
957 125 173
958 288 148
959 176 376
960 281 5
961 392 378
962 131 185
963 344 389
964 262 178
965 95 60
966 318 302
967 394 99
968 59 5
969 230 95
970 199 399
971 224 275
972 246 126
973 225 61
974 17 347
975 269 194
976 348 315
977 260 209
978 306 194
979 190 93
980 297 100
981 311 308
982 257 27
983 174 395
984 67 261
985 98 262
986 72 226
987 225 220
988 39 141
989 149 36
990 111 174
991 352 81
992 129 253
993 83 163
994 96 90
995 242 237
996 301 150
997 144 394
998 341 335
999 51 334
1000 166 204
1001 265 179
1002 296 184
1003 105 183
1004 133 386
1005 304 176
1006 191 359
1007 291 34
1008 12 217
1009 189 96
1010 374 161
1011 386 182
1012 259 140
1013 284 47