1123
0 582 645
1 436 776
2 811 56
3 561 1179
4 773 631
5 719 955
6 58 838
7 1051 1054
8 220 447
9 219 598
10 607 371
11 152 1115
12 393 1150
13 123 124
14 989 798
15 120 151
16 115 1107
17 946 921
18 255 286
19 1123 626
20 475 859
21 264 344
22 217 989
23 130 1164
24 918 1043
25 623 727
26 500 1156
27 561 833
28 29 256
29 1047 102
30 904 196
31 464 253
32 308 154
33 661 822
34 777 435
35 141 1093
36 330 164
37 399 243
38 994 12
39 1110 1111
40 194 445
41 969 848
42 1073 1073
43 531 402
44 41 288
45 863 360
46 565 933
47 212 809
48 1058 939
49 187 869
50 765 1048
51 1195 1061
52 1171 293
53 90 1038
54 194 595
55 584 469
56 670 1000
57 588 236
58 543 141
59 929 441
60 711 735
61 155 583
62 129 1005
63 959 294
64 1195 623
65 822 1198
66 815 1041
67 913 1172
68 171 512
69 255 633
70 271 1152
71 743 1119
72 760 1163
73 685 847
74 143 257
75 16 885
76 755 472
77 1153 664
78 418 625
79 194 687
80 995 420
81 588 472
82 240 219
83 80 8
84 372 411
85 418 1038
86 215 104
87 800 112
88 246 823
89 686 992
90 59 273
91 868 524
92 519 634
93 85 148
94 1027 828
95 451 47
96 572 510
97 1195 209
98 1191 1098
99 1199 611
100 543 324
101 945 1025
102 982 284
103 239 96
104 330 711
105 590 621
106 753 719
107 834 71
108 507 783
109 1108 1187
110 849 498
111 600 571
112 100 471
113 600 733
114 1149 940
115 253 993
116 315 660
117 1140 346
118 312 508
119 1129 850
120 378 163
121 745 311
122 759 73
123 1040 1012
124 857 509
125 1067 111
126 946 163
127 776 526
128 817 178
129 114 824
130 1127 597
131 1004 854
132 658 64
133 943 249
134 563 2
135 990 522
136 11 353
137 1161 513
138 592 703
139 563 1136
140 723 940
141 656 287
142 979 810
143 1011 233
144 900 912
145 583 1134
146 748 193
147 516 748
148 164 584
149 737 1158
150 760 485
151 545 1039
152 806 1026
153 357 641
154 279 895
155 463 1018
156 116 514
157 287 213
158 985 80
159 1086 567
160 412 348
161 1175 277
162 694 1007
163 105 909
164 496 772
165 1190 37
166 105 905
167 239 965
168 1089 548
169 97 903
170 789 427
171 1093 504
172 1056 730
173 247 732
174 655 484
175 519 394
176 908 224
177 546 785
178 182 506
179 761 689
180 907 999
181 217 147
182 1194 17
183 969 679
184 456 202
185 341 898
186 797 529
187 483 44
188 1044 669
189 822 994
190 651 79
191 518 854
192 631 1102
193 425 1118
194 1001 1042
195 751 26
196 463 1070
197 117 66
198 252 83
199 360 537
200 326 1149
201 81 522
202 454 315
203 569 535
204 198 336
205 497 777
206 1003 541
207 1109 521
208 515 1161
209 418 268
210 465 905
211 705 972
212 446 358
213 517 537
214 752 617
215 848 292
216 1164 62
217 170 943
218 95 1034
219 80 730
220 1161 1002
221 278 812
222 93 674
223 1184 911
224 87 673
225 1162 446
226 127 268
227 709 754
228 491 146
229 173 968
230 859 587
231 306 1145
232 895 996
233 654 786
234 446 791
235 330 401
236 689 94
237 41 335
238 609 48
239 143 106
240 1084 831
241 646 594
242 928 697
243 408 1112
244 839 43
245 151 808
246 153 191
247 527 839
248 301 195
249 45 735
250 865 823
251 819 121
252 28 739
253 1166 1019
254 551 1167
255 834 604
256 14 83
257 911 541
258 569 230
259 600 1000
260 692 426
261 538 407
262 116 501
263 888 805
264 677 297
265 956 145
266 1189 1041
267 686 392
268 547 183
269 1127 401
270 361 888
271 410 1148
272 477 233
273 503 377
274 22 1193
275 1073 436
276 65 61
277 683 963
278 912 440
279 877 579
280 1002 1091
281 95 949
282 1032 128
283 17 1001
284 944 991
285 528 579
286 342 539
287 1167 681
288 875 939
289 140 222
290 1112 1004
291 738 1152
292 1162 20
293 502 805
294 153 316
295 322 662
296 696 949
297 1063 26
298 532 979
299 1007 20
300 783 605
301 457 123
302 422 908
303 689 1103
304 405 396
305 51 487
306 924 136
307 811 1012
308 508 1124
309 980 178
310 353 1014
311 97 652
312 961 658
313 698 1190
314 6 1108
315 731 1028
316 802 1046
317 1187 387
318 572 629
319 639 325
320 3 800
321 162 190
322 649 218
323 1034 575
324 843 707
325 678 298
326 676 270
327 1084 456
328 57 721
329 1142 28
330 265 1063
331 983 647
332 542 266
333 490 863
334 66 691
335 300 38
336 325 690
337 194 1060
338 429 951
339 1099 677
340 1172 1107
341 553 330
342 300 1157
343 75 305
344 589 1015
345 979 441
346 928 882
347 1103 51
348 1147 419
349 637 815
350 378 1183
351 750 595
352 1156 375
353 1092 756
354 74 216
355 494 294
356 25 1090
357 200 551
358 46 978
359 939 932
360 1089 675
361 549 645
362 1164 1053
363 546 716
364 307 571
365 228 1069
366 913 499
367 864 378
368 327 296
369 754 1025
370 951 496
371 891 1039
372 258 708
373 76 153
374 355 1022
375 372 948
376 737 583
377 877 442
378 373 1010
379 1197 464
380 651 108
381 77 1098
382 594 720
383 340 1108
384 63 386
385 1131 319
386 962 142
387 382 37
388 197 265
389 540 339
390 280 1080
391 970 1010
392 90 876
393 877 1068
394 184 702
395 301 157
396 1131 490
397 885 218
398 514 577
399 8 938
400 626 444
401 685 208
402 384 920
403 544 248
404 725 551
405 1148 25
406 920 783
407 956 574
408 549 948
409 363 234
410 602 427
411 982 348
412 1021 943
413 299 587
414 174 62
415 181 639
416 1051 751
417 729 535
418 16 169
419 712 545
420 762 297
421 1029 169
422 61 194
423 702 320
424 376 715
425 658 1159
426 104 659
427 190 517
428 457 639
429 93 497
430 675 880
431 1017 1072
432 872 154
433 804 1011
434 760 964
435 904 206
436 323 882
437 425 648
438 831 198
439 41 745
440 794 1199
441 445 1083
442 30 197
443 472 151
444 952 443
445 455 327
446 1164 602
447 779 7
448 861 318
449 1172 593
450 876 119
451 31 266
452 193 64
453 1142 924
454 525 1058
455 648 567
456 347 182
457 819 218
458 669 902
459 767 893
460 317 813
461 1039 109
462 834 563
463 775 722
464 32 581
465 545 14
466 263 1049
467 574 1169
468 588 1168
469 815 469
470 405 848
471 1156 632
472 637 698
473 654 814
474 285 1084
475 6 1179
476 557 794
477 670 936
478 1145 780
479 737 174
480 1013 1004
481 922 671
482 39 710
483 77 1025
484 890 191
485 187 1168
486 37 128
487 631 1004
488 719 797
489 265 214
490 1085 714
491 180 1006
492 803 28
493 125 492
494 13 1119
495 541 1161
496 84 49
497 124 776
498 447 260
499 735 1070
500 87 249
501 585 145
502 882 328
503 312 1106
504 238 1165
505 581 463
506 1002 226
507 920 638
508 137 872
509 503 815
510 177 323
511 671 358
512 747 767
513 650 787
514 255 211
515 836 687
516 74 26
517 255 313
518 351 271
519 241 1058
520 232 264
521 800 262
522 484 665
523 91 1189
524 1088 156
525 1100 81
526 124 841
527 614 160
528 1130 34
529 212 89
530 360 675
531 20 1125
532 130 566
533 42 47
534 1143 195
535 287 989
536 308 884
537 551 870
538 177 210
539 203 246
540 743 635
541 481 288
542 1052 418
543 828 327
544 515 786
545 953 830
546 1182 571
547 1189 1021
548 867 70
549 527 795
550 141 941
551 89 677
552 1131 564
553 548 188
554 1052 117
555 821 911
556 572 866
557 787 789
558 563 943
559 527 1045
560 1198 862
561 771 692
562 52 328
563 922 182
564 362 952
565 528 192
566 577 88
567 511 436
568 539 132
569 1119 456
570 464 207
571 1174 328
572 726 299
573 1011 517
574 408 736
575 1171 37
576 1153 687
577 400 953
578 454 1107
579 1100 871
580 590 113
581 1044 70
582 556 110
583 751 673
584 1121 768
585 1037 1137
586 871 707
587 296 269
588 183 731
589 352 588
590 434 1185
591 381 292
592 1072 112
593 471 496
594 121 673
595 759 839
596 109 519
597 1170 807
598 1000 960
599 1159 1090
600 81 803
601 651 701
602 507 668
603 21 152
604 739 452
605 903 39
606 519 135
607 364 250
608 722 121
609 710 778
610 309 857
611 1076 1154
612 739 1080
613 844 80
614 261 330
615 937 1056
616 832 155
617 993 263
618 291 644
619 500 33
620 474 561
621 96 827
622 342 568
623 611 545
624 263 850
625 943 379
626 402 132
627 933 1144
628 866 854
629 835 787
630 920 817
631 597 33
632 208 189
633 529 40
634 1134 380
635 1061 92
636 1024 735
637 913 756
638 30 576
639 722 1075
640 250 1117
641 343 667
642 504 1165
643 794 106
644 26 793
645 224 878
646 973 443
647 108 873
648 835 1121
649 192 842
650 1028 152
651 383 155
652 354 830
653 922 563
654 832 559
655 77 180
656 603 1045
657 207 513
658 358 698
659 918 486
660 525 587
661 272 376
662 184 614
663 488 244
664 246 830
665 669 68
666 796 1181
667 62 433
668 746 596
669 781 605
670 937 474
671 278 1058
672 533 271
673 346 365
674 853 35
675 197 551
676 463 32
677 1129 774
678 69 422
679 1137 254
680 511 590
681 1045 113
682 228 477
683 228 873
684 1052 1140
685 111 806
686 873 240
687 403 643
688 710 306
689 442 382
690 111 818
691 102 1011
692 1083 777
693 962 684
694 518 82
695 200 1059
696 579 124
697 721 1150
698 497 721
699 378 978
700 301 1198
701 775 594
702 767 872
703 1144 1186
704 1110 54
705 928 1134
706 82 665
707 104 361
708 188 1178
709 264 471
710 838 1088
711 367 540
712 274 423
713 497 163
714 259 181
715 687 130
716 257 971
717 796 990
718 724 772
719 467 780
720 589 1155
721 1187 1115
722 771 368
723 909 61
724 266 1070
725 910 547
726 864 1144
727 194 476
728 1064 456
729 579 889
730 35 889
731 312 829
732 693 58
733 533 65
734 24 404
735 146 150
736 1124 1064
737 1068 1068
738 889 1141
739 89 892
740 596 921
741 65 655
742 387 537
743 1084 886
744 716 598
745 659 272
746 315 28
747 1010 947
748 742 535
749 959 384
750 663 774
751 676 652
752 329 852
753 375 941
754 1195 104
755 87 626
756 1080 1084
757 625 947
758 70 865
759 394 107
760 642 343
761 256 43
762 357 462
763 526 166
764 1092 152
765 948 612
766 324 916
767 365 249
768 1094 136
769 162 613
770 358 838
771 1089 589
772 888 1028
773 614 259
774 1098 958
775 897 23
776 1167 564
777 579 127
778 245 441
779 179 890
780 482 459
781 163 43
782 550 735
783 430 585
784 110 907
785 1092 49
786 861 543
787 684 516
788 916 188
789 325 252
790 784 153
791 995 71
792 156 1094
793 657 953
794 708 1119
795 1133 339
796 632 765
797 82 1162
798 577 1139
799 612 1142
800 538 941
801 185 1168
802 487 251
803 162 495
804 1114 486
805 557 937
806 1193 706
807 1157 391
808 137 287
809 371 1016
810 750 68
811 534 813
812 699 1018
813 1133 775
814 651 695
815 509 624
816 1149 822
817 899 7
818 504 433
819 647 597
820 964 781
821 892 1123
822 671 1066
823 479 182
824 1113 206
825 916 96
826 137 830
827 480 1007
828 8 1190
829 756 212
830 171 686
831 795 929
832 889 437
833 1023 296
834 757 574
835 292 189
836 680 299
837 44 425
838 986 7
839 48 917
840 407 151
841 770 285
842 337 9
843 125 451
844 251 896
845 1124 1030
846 115 106
847 868 1021
848 897 349
849 1194 801
850 907 536
851 149 1006
852 317 1062
853 414 711
854 495 254
855 154 431
856 495 490
857 1115 202
858 153 308
859 765 989
860 682 77
861 41 950
862 242 877
863 551 314
864 404 357
865 634 97
866 646 593
867 28 638
868 766 379
869 967 845
870 1052 558
871 622 461
872 124 221
873 600 1108
874 949 1072
875 26 1198
876 682 1069
877 612 381
878 306 695
879 667 180
880 628 859
881 777 990
882 698 244
883 269 626
884 1110 478
885 1005 800
886 907 879
887 108 155
888 63 821
889 850 357
890 804 354
891 1149 534
892 379 319
893 862 647
894 200 924
895 1092 520
896 888 780
897 85 947
898 447 121
899 895 20
900 294 903
901 20 680
902 212 178
903 561 1060
904 1043 123
905 1076 142
906 941 51
907 64 297
908 304 662
909 1114 396
910 1183 732
911 612 279
912 1074 908
913 1194 723
914 811 788
915 661 335
916 1184 88
917 621 369
918 1053 804
919 1086 388
920 34 852
921 382 925
922 125 885
923 265 623
924 162 584
925 360 118
926 819 969
927 325 822
928 334 738
929 663 143
930 2 1046
931 668 902
932 1137 750
933 743 716
934 854 613
935 77 126
936 10 668
937 880 683
938 1167 674
939 610 945
940 566 27
941 685 838
942 943 635
943 902 918
944 156 705
945 46 226
946 1072 964
947 822 155
948 792 568
949 599 599
950 429 1020
951 126 236
952 602 1183
953 141 386
954 737 602
955 997 228
956 392 584
957 111 309
958 134 156
959 609 356
960 1081 68
961 127 785
962 80 29
963 121 579
964 777 991
965 663 85
966 308 571
967 458 12
968 41 435
969 1055 614
970 661 542
971 1197 509
972 471 622
973 690 274
974 1134 290
975 595 499
976 375 1027
977 873 206
978 177 502
979 1148 598
980 927 1026
981 342 755
982 279 1114
983 716 716
984 684 816
985 1167 31
986 749 674
987 319 448
988 644 139
989 176 785
990 760 923
991 216 755
992 640 498
993 36 231
994 417 440
995 207 1167
996 1134 583
997 637 1145
998 499 1164
999 378 100
1000 924 24
1001 487 830
1002 116 354
1003 13 72
1004 466 1151
1005 681 837
1006 194 468
1007 562 1060
1008 1062 615
1009 604 344
1010 238 629
1011 114 674
1012 1002 1084
1013 812 557
1014 1129 500
1015 73 20
1016 675 551
1017 222 783
1018 484 418
1019 52 891
1020 467 285
1021 414 655
1022 1055 41
1023 815 621
1024 621 66
1025 447 547
1026 707 443
1027 714 426
1028 748 767
1029 980 644
1030 1057 86
1031 285 487
1032 379 834
1033 363 393
1034 688 46
1035 828 653
1036 246 931
1037 127 417
1038 59 160
1039 449 1067
1040 314 427
1041 864 588
1042 56 295
1043 236 1019
1044 350 82
1045 717 374
1046 73 887
1047 440 80
1048 943 767
1049 996 918
1050 824 870
1051 286 556
1052 450 426
1053 197 349
1054 1066 245
1055 447 295
1056 885 846
1057 92 42
1058 1045 734
1059 972 990
1060 353 656
1061 304 1052
1062 884 805
1063 1192 193
1064 455 258
1065 1002 947
1066 1149 1197
1067 444 958
1068 563 1184
1069 60 631
1070 1192 164
1071 452 129
1072 470 627
1073 651 283
1074 621 8
1075 124 122
1076 1184 405
1077 260 621
1078 864 10
1079 815 1143
1080 766 682
1081 827 541
1082 965 516
1083 529 146
1084 312 954
1085 1102 141
1086 43 515
1087 1192 241
1088 1020 119
1089 1022 447
1090 990 254
1091 1044 562
1092 526 630
1093 433 867
1094 738 417
1095 504 1195
1096 149 460
1097 465 270
1098 1040 9
1099 212 1125
1100 486 1042
1101 493 1075
1102 77 1006
1103 773 443
1104 1055 1125
1105 291 852
1106 54 98
1107 338 153
1108 559 587
1109 106 268
1110 749 1027
1111 626 1175
1112 1184 790
1113 594 889
1114 780 1192
1115 1044 372
1116 526 46
1117 530 974
1118 206 387
1119 1021 623
1120 682 632
1121 1174 726
1122 511 519