6257
0 1377 538
1 1661 614
2 363 1168
3 1476 1731
4 1000 1558
5 26 1951
6 1856 101
7 838 1176
8 1399 965
9 532 1537
10 1058 1408
11 1255 1168
12 63 1342
13 688 1089
14 466 126
15 495 1813
16 1097 246
17 649 1033
18 1594 1932
19 1822 1441
20 97 365
21 677 1100
22 1856 594
23 864 1335
24 257 904
25 1387 421
26 1310 1969
27 272 1623
28 1263 1921
29 1977 1819
30 1257 1639
31 1069 1975
32 1661 1788
33 1632 725
34 265 129
35 703 1683
36 1801 867
37 900 1437
38 1365 1334
39 1620 1737
40 1490 910
41 1916 147
42 1260 1363
43 994 1414
44 1740 24
45 797 1817
46 1710 124
47 1649 1373
48 595 552
49 505 1159
50 1579 298
51 1528 82
52 55 219
53 354 19
54 1894 1588
55 868 1664
56 1081 1825
57 950 1095
58 1414 1227
59 221 809
60 995 1552
61 1997 933
62 1130 1400
63 1959 1922
64 498 871
65 1027 343
66 1759 365
67 941 462
68 1016 792
69 480 1433
70 764 963
71 40 1644
72 1150 1151
73 468 1817
74 511 1801
75 527 702
76 538 10
77 680 1594
78 616 919
79 1545 1270
80 993 531
81 751 104
82 603 733
83 1128 1088
84 752 267
85 1924 478
86 196 1607
87 771 772
88 1287 1964
89 1590 1103
90 509 1006
91 761 654
92 714 997
93 1475 1585
94 385 426
95 279 1252
96 1187 1704
97 1116 874
98 274 1474
99 985 967
100 613 1649
101 475 1267
102 61 207
103 485 473
104 477 1603
105 769 1661
106 1314 596
107 1469 839
108 1890 1653
109 1988 1559
110 612 462
111 1159 428
112 772 1671
113 82 926
114 1181 199
115 1021 1722
116 1493 470
117 1798 1829
118 1996 714
119 968 320
120 28 1732
121 1848 479
122 209 729
123 351 1547
124 138 1612
125 499 1888
126 445 1855
127 398 1151
128 1311 1677
129 723 1608
130 1614 1236
131 1683 1188
132 375 371
133 945 1485
134 1691 1737
135 258 1312
136 1382 1445
137 63 102
138 1173 98
139 1082 1860
140 703 860
141 533 1780
142 1242 803
143 738 652
144 1968 20
145 8 355
146 1252 1133
147 821 578
148 816 82
149 570 1805
150 1104 69
151 752 1020
152 690 97
153 797 983
154 1715 644
155 733 1098
156 1210 1804
157 1867 1190
158 1061 1358
159 1364 172
160 843 327
161 1288 7
162 1946 1140
163 1368 1094
164 1625 643
165 1081 1530
166 694 1610
167 299 1394
168 1961 173
169 1130 217
170 697 809
171 1967 633
172 1661 45
173 598 1961
174 1988 315
175 324 567
176 1898 44
177 163 432
178 681 1491
179 1040 776
180 301 194
181 1341 33
182 1958 296
183 1615 377
184 49 863
185 1564 340
186 453 1048
187 13 919
188 329 401
189 633 862
190 763 1945
191 658 1687
192 146 68
193 946 7
194 936 603
195 1119 624
196 253 1623
197 752 556
198 1625 79
199 407 881
200 517 1378
201 846 269
202 168 1692
203 17 1537
204 398 690
205 849 730
206 224 209
207 1773 1263
208 824 823
209 629 1040
210 1194 493
211 342 1337
212 181 517
213 95 192
214 1916 111
215 1460 645
216 48 1217
217 1914 150
218 1183 1139
219 1150 1695
220 1602 498
221 274 1081
222 71 163
223 1351 739
224 1604 60
225 697 1117
226 881 196
227 201 540
228 1769 1073
229 163 1448
230 153 304
231 1664 14
232 381 855
233 583 1990
234 199 1356
235 441 344
236 897 1109
237 661 1662
238 1395 1975
239 1149 777
240 150 1422
241 956 385
242 854 1660
243 174 971
244 1456 1858
245 517 402
246 568 1109
247 1602 1062
248 752 1872
249 517 1041
250 217 25
251 764 1543
252 769 1668
253 915 3
254 907 653
255 920 497
256 350 1716
257 68 1054
258 1364 594
259 617 175
260 1003 1751
261 1534 1674
262 435 1683
263 1719 1365
264 833 1504
265 469 1510
266 1678 1307
267 1920 1882
268 868 658
269 893 370
270 1655 1594
271 329 1721
272 949 1627
273 454 963
274 626 1823
275 564 942
276 1184 659
277 322 262
278 194 298
279 446 1911
280 518 1739
281 1782 275
282 1881 7
283 229 670
284 1673 1301
285 1727 378
286 1774 1922
287 312 650
288 332 65
289 1197 258
290 1155 1640
291 1948 1626
292 353 1791
293 1073 1241
294 1071 305
295 1489 1857
296 823 856
297 734 765
298 892 1311
299 3 1176
300 1440 1326
301 140 373
302 1858 657
303 1539 200
304 781 1790
305 951 441
306 292 634
307 294 1519
308 1511 1259
309 1660 205
310 1533 627
311 1942 553
312 1624 163
313 269 1673
314 336 701
315 1508 523
316 59 1499
317 285 625
318 666 1517
319 153 1440
320 355 1843
321 1144 1076
322 123 1248
323 341 1534
324 796 467
325 555 7
326 1741 1937
327 303 775
328 789 403
329 1 692
330 53 1528
331 1422 1249
332 336 1973
333 650 1600
334 53 60
335 1451 1065
336 586 204
337 855 105
338 1369 612
339 698 105
340 1846 1856
341 1178 582
342 1846 992
343 318 1538
344 1847 453
345 845 388
346 667 1425
347 799 77
348 1574 1232
349 840 1055
350 1471 413
351 1191 338
352 995 1696
353 1448 1321
354 372 1214
355 1047 1474
356 1651 704
357 711 504
358 91 330
359 1397 1888
360 817 1604
361 1424 2
362 361 1075
363 1740 1487
364 269 1952
365 123 1187
366 419 397
367 667 24
368 1772 1784
369 1539 1291
370 70 555
371 775 364
372 967 175
373 72 384
374 1120 1328
375 830 106
376 788 1753
377 1517 1927
378 349 407
379 1523 1564
380 344 280
381 1175 701
382 279 811
383 1114 1146
384 1807 987
385 1855 1825
386 803 1062
387 816 406
388 1165 1153
389 620 523
390 1039 318
391 681 309
392 979 741
393 554 644
394 1936 566
395 154 457
396 1964 1370
397 895 519
398 1461 873
399 1119 1220
400 1584 109
401 1134 1092
402 1577 1124
403 605 1238
404 1543 1372
405 1524 1645
406 437 322
407 537 256
408 485 429
409 1457 1993
410 1242 87
411 139 1923
412 18 1965
413 418 1261
414 998 1925
415 695 312
416 1151 1821
417 170 1850
418 565 1678
419 1863 41
420 1920 1306
421 1815 1809
422 1023 1980
423 744 1862
424 379 1389
425 1777 455
426 310 1823
427 1037 24
428 912 1536
429 1604 1527
430 1465 280
431 1540 304
432 807 379
433 1037 208
434 164 1796
435 641 75
436 1974 1045
437 854 400
438 673 656
439 1400 1589
440 324 1773
441 346 1227
442 1185 1645
443 1358 410
444 904 1899
445 522 303
446 872 1163
447 1258 1204
448 329 1950
449 496 720
450 1759 1313
451 1632 651
452 853 955
453 1360 1863
454 1454 620
455 1381 1923
456 414 924
457 75 1311
458 1009 1476
459 368 654
460 569 1979
461 1836 1259
462 136 1426
463 485 199
464 1727 1348
465 379 741
466 561 1037
467 1070 1852
468 1625 682
469 571 1163
470 355 922
471 294 939
472 293 424
473 665 918
474 537 920
475 581 224
476 126 1703
477 1963 58
478 205 778
479 92 443
480 303 1156
481 1859 1697
482 897 178
483 373 1444
484 1137 1212
485 1064 806
486 672 1644
487 1740 958
488 1555 1969
489 11 883
490 1210 1883
491 1985 1106
492 1804 342
493 1436 203
494 741 1305
495 1358 1254
496 1359 124
497 995 1456
498 1195 549
499 976 1616
500 128 1815
501 1667 1012
502 1512 101
503 181 1750
504 758 1360
505 439 195
506 384 912
507 1417 1076
508 130 251
509 740 1305
510 1986 1404
511 62 284
512 1614 1944
513 1802 1728
514 307 1402
515 643 532
516 1203 930
517 1320 276
518 1763 1034
519 1825 1803
520 1639 842
521 1725 1569
522 446 277
523 390 84
524 1642 1690
525 1490 1361
526 1248 1561
527 1659 1631
528 1856 157
529 1790 44
530 887 1596
531 1461 1788
532 422 701
533 1013 1059
534 1337 1508
535 1371 119
536 1632 1337
537 873 7
538 1517 593
539 1939 987
540 1536 1836
541 1012 1234
542 909 1126
543 495 1380
544 1534 1162
545 1072 1806
546 1870 1492
547 257 1732
548 1636 1412
549 1563 107
550 1826 228
551 790 1923
552 103 392
553 418 1258
554 471 1416
555 515 1849
556 633 1770
557 1103 531
558 173 279
559 270 1955
560 659 366
561 1650 1713
562 454 1622
563 863 801
564 919 1869
565 533 452
566 915 1996
567 299 1139
568 1962 906
569 186 174
570 1913 1477
571 35 705
572 1414 1348
573 1336 306
574 592 368
575 450 494
576 638 329
577 180 431
578 1554 827
579 1119 1413
580 26 1838
581 1804 565
582 520 141
583 501 645
584 1207 592
585 787 662
586 1372 630
587 1286 1856
588 309 208
589 1022 1460
590 998 1155
591 55 986
592 744 1477
593 653 1656
594 1543 1666
595 1471 1871
596 936 440
597 1907 854
598 89 1364
599 1722 505
600 832 793
601 1277 879
602 1241 696
603 1809 322
604 1189 147
605 506 1164
606 421 1333
607 499 473
608 1097 457
609 1135 65
610 998 105
611 1562 1553
612 1488 6
613 118 626
614 1438 862
615 1096 1618
616 1733 1038
617 142 1227
618 304 1558
619 276 363
620 1170 172
621 570 1455
622 943 1727
623 594 1283
624 1708 763
625 124 333
626 756 1594
627 1900 1434
628 649 1434
629 463 160
630 1554 1930
631 875 535
632 683 394
633 993 969
634 1305 1031
635 329 1810
636 988 1371
637 336 1592
638 1172 1283
639 376 215
640 831 996
641 1322 755
642 897 1772
643 1886 1480
644 1120 1737
645 50 1856
646 62 1871
647 526 1653
648 1204 1056
649 1229 1794
650 635 363
651 1590 379
652 213 525
653 1768 1765
654 1448 1177
655 1958 111
656 970 1043
657 1659 1427
658 894 1730
659 1446 929
660 1726 350
661 5 1182
662 80 536
663 1126 759
664 772 1923
665 1885 857
666 370 1860
667 1194 1626
668 1222 501
669 1347 1573
670 1137 1199
671 92 651
672 1965 1757
673 557 202
674 134 333
675 288 1396
676 600 612
677 65 1486
678 1514 1435
679 1448 1995
680 994 843
681 1640 1774
682 1801 177
683 1360 536
684 1376 1482
685 626 1098
686 1773 143
687 668 1999
688 591 1888
689 1280 778
690 971 707
691 1934 1506
692 923 1820
693 210 1770
694 472 1839
695 994 402
696 1648 1305
697 431 1588
698 71 373
699 566 1149
700 1109 1900
701 1377 345
702 397 1624
703 475 350
704 943 1293
705 1588 915
706 60 391
707 594 1635
708 1692 112
709 1265 1588
710 543 1487
711 1589 120
712 903 575
713 499 1427
714 1194 1586
715 464 186
716 1929 1338
717 1650 1440
718 883 1125
719 1611 1821
720 1074 1021
721 98 385
722 1294 107
723 1514 441
724 245 1839
725 400 1750
726 1122 349
727 1744 1359
728 525 913
729 534 1989
730 843 1731
731 1621 1399
732 1150 1853
733 985 1509
734 941 89
735 1288 643
736 1189 427
737 1754 1490
738 127 255
739 578 112
740 1330 1506
741 770 893
742 707 1458
743 899 1443
744 1867 97
745 173 1139
746 535 627
747 1736 1540
748 1917 1703
749 1658 702
750 781 177
751 823 1136
752 278 1730
753 849 264
754 186 814
755 1096 612
756 203 247
757 1626 96
758 428 91
759 692 1687
760 82 815
761 636 302
762 869 435
763 1884 1413
764 765 1077
765 1952 1429
766 565 616
767 246 1050
768 846 100
769 1203 371
770 1237 1090
771 1144 768
772 795 1074
773 1023 1892
774 410 1325
775 1080 1586
776 1730 1302
777 927 1208
778 1281 135
779 1630 452
780 1731 1377
781 105 1970
782 1442 1575
783 1050 1760
784 1002 251
785 1103 1953
786 1176 1408
787 1058 602
788 462 324
789 908 1995
790 348 1577
791 1883 912
792 562 360
793 1054 294
794 26 271
795 110 865
796 540 467
797 1710 547
798 1267 1319
799 1918 1428
800 403 633
801 1545 1293
802 1926 1242
803 722 1043
804 1542 921
805 936 745
806 810 1063
807 220 1636
808 286 1388
809 499 1910
810 109 962
811 1510 1120
812 1927 1977
813 136 1573
814 467 1988
815 889 355
816 118 1648
817 1493 1611
818 267 192
819 484 1004
820 572 520
821 1115 949
822 1282 1828
823 1989 560
824 1599 1410
825 1856 567
826 1906 1345
827 1107 418
828 392 283
829 425 63
830 1523 1233
831 151 661
832 75 1503
833 1081 1852
834 1373 107
835 43 211
836 1005 1774
837 1395 1871
838 1974 80
839 366 799
840 682 1848
841 1219 932
842 1769 1962
843 1112 1586
844 1893 15
845 1775 796
846 652 1314
847 1744 1790
848 1775 1742
849 948 1726
850 802 976
851 1773 1090
852 1127 1790
853 1708 181
854 38 1843
855 1293 795
856 281 807
857 1402 1752
858 881 1826
859 1626 1678
860 1334 1041
861 1208 753
862 1640 843
863 1638 178
864 529 812
865 1858 1824
866 1480 675
867 632 513
868 1668 65
869 1361 1736
870 714 192
871 995 722
872 1250 628
873 1282 1622
874 1282 1056
875 1395 898
876 758 395
877 238 910
878 786 1091
879 890 1341
880 890 800
881 106 670
882 443 1084
883 422 274
884 231 1296
885 1148 109
886 1796 785
887 910 109
888 1656 152
889 800 1760
890 1746 662
891 927 841
892 1060 1688
893 1073 369
894 719 1737
895 1193 771
896 1559 1926
897 880 1510
898 1353 844
899 1399 1561
900 899 1829
901 1411 639
902 1373 147
903 1204 453
904 416 231
905 451 1652
906 673 652
907 1599 1493
908 1881 627
909 1568 449
910 49 1033
911 656 470
912 248 334
913 651 585
914 1849 1335
915 1211 1179
916 1997 499
917 755 509
918 796 218
919 1977 524
920 842 1835
921 302 16
922 1970 813
923 1175 803
924 607 415
925 207 556
926 1141 858
927 633 892
928 304 511
929 11 412
930 1196 644
931 1663 588
932 240 1729
933 652 104
934 595 261
935 123 1449
936 1226 26
937 1511 5
938 1206 562
939 151 888
940 1142 881
941 974 598
942 893 1259
943 921 665
944 1344 1472
945 100 1922
946 1705 295
947 1592 318
948 103 737
949 16 1391
950 483 296
951 1350 731
952 1734 489
953 1385 972
954 638 99
955 816 42
956 89 1472
957 1876 730
958 1367 697
959 143 1994
960 114 868
961 880 647
962 131 1306
963 1495 1884
964 1071 602
965 249 1439
966 1493 695
967 895 138
968 1109 1331
969 1571 1151
970 437 565
971 1378 1752
972 697 829
973 1960 1698
974 1502 1363
975 650 1487
976 940 838
977 1262 1004
978 1779 468
979 208 1599
980 774 1956
981 890 341
982 1610 598
983 471 1517
984 946 724
985 944 851
986 1180 1715
987 849 1840
988 1832 89
989 1764 570
990 1220 1621
991 1922 966
992 1279 399
993 1554 702
994 1556 1387
995 614 1429
996 244 554
997 1080 644
998 727 1222
999 1330 1628
1000 1193 965
1001 1320 1683
1002 1580 798
1003 1647 1810
1004 1541 1213
1005 496 643
1006 691 733
1007 419 1802
1008 821 65
1009 530 1954
1010 1478 107
1011 238 81
1012 317 1813
1013 797 42
1014 247 1468
1015 965 209
1016 151 1083
1017 689 947
1018 225 1808
1019 35 375
1020 1000 1012
1021 1569 222
1022 998 1381
1023 916 1661
1024 1016 1059
1025 541 188
1026 919 89
1027 707 683
1028 1503 1244
1029 1285 332
1030 1100 984
1031 507 1092
1032 488 1125
1033 947 207
1034 1320 770
1035 1902 588
1036 863 321
1037 1400 474
1038 1777 1154
1039 49 332
1040 661 1181
1041 1457 1873
1042 1381 124
1043 1833 1322
1044 1554 1402
1045 497 71
1046 1144 813
1047 1521 1264
1048 1592 576
1049 505 706
1050 183 900
1051 1651 1230
1052 660 197
1053 479 777
1054 1204 757
1055 1327 1922
1056 832 363
1057 1043 961
1058 1499 1785
1059 1625 1977
1060 83 905
1061 160 588
1062 1600 858
1063 1863 336
1064 1084 1639
1065 327 517
1066 1625 592
1067 264 80
1068 1444 643
1069 1137 404
1070 652 999
1071 1232 1915
1072 194 310
1073 226 843
1074 1673 412
1075 1112 522
1076 1400 1953
1077 1884 848
1078 697 517
1079 1075 966
1080 1034 967
1081 756 1700
1082 1563 1296
1083 440 1282
1084 635 22
1085 940 380
1086 1166 1961
1087 1494 543
1088 228 804
1089 1438 1888
1090 1102 496
1091 1022 1403
1092 1264 1251
1093 607 260
1094 1289 1617
1095 1095 1778
1096 273 398
1097 1883 315
1098 1713 1318
1099 1933 839
1100 1675 706
1101 600 1906
1102 830 1193
1103 1612 832
1104 1981 1706
1105 814 1543
1106 403 1557
1107 1139 1666
1108 1442 707
1109 544 1313
1110 1084 819
1111 604 624
1112 1249 12
1113 1534 909
1114 776 1175
1115 1416 646
1116 839 1076
1117 1619 1122
1118 1547 1605
1119 1097 1236
1120 1481 937
1121 592 1585
1122 590 1897
1123 1321 1458
1124 1395 1385
1125 397 1815
1126 405 24
1127 1501 1211
1128 1509 1740
1129 72 27
1130 1487 1034
1131 651 182
1132 61 1318
1133 1191 852
1134 285 430
1135 853 375
1136 1495 1245
1137 469 474
1138 58 21
1139 1004 26
1140 899 1876
1141 721 1814
1142 1843 421
1143 718 1009
1144 1975 1740
1145 1585 543
1146 1014 780
1147 1473 305
1148 1094 958
1149 819 251
1150 1099 375
1151 39 317
1152 1608 1116
1153 1267 1288
1154 560 991
1155 1464 183
1156 1948 94
1157 1721 952
1158 1587 131
1159 1306 42
1160 1531 9
1161 929 249
1162 34 1105
1163 1009 590
1164 1767 344
1165 1259 1824
1166 1764 1025
1167 367 820
1168 672 547
1169 61 128
1170 462 469
1171 441 457
1172 1205 733
1173 148 940
1174 113 645
1175 1898 1040
1176 1488 1431
1177 1860 951
1178 432 1867
1179 572 324
1180 926 673
1181 1650 1881
1182 234 1777
1183 1008 30
1184 937 393
1185 1819 1517
1186 1985 101
1187 240 526
1188 953 1336
1189 1730 201
1190 816 449
1191 1234 333
1192 972 1314
1193 1023 1694
1194 40 1733
1195 528 803
1196 462 1143
1197 648 472
1198 1001 437
1199 947 632
1200 1602 1415
1201 1030 152
1202 605 95
1203 1421 1585
1204 548 1907
1205 1699 1921
1206 1885 818
1207 491 305
1208 1009 934
1209 1971 86
1210 945 401
1211 1428 299
1212 1361 48
1213 63 1062
1214 896 812
1215 443 1763
1216 367 727
1217 737 468
1218 1096 673
1219 1918 1953
1220 44 1235
1221 461 1647
1222 1533 1671
1223 1870 1615
1224 1006 1150
1225 515 1547
1226 240 1719
1227 1987 1849
1228 779 888
1229 1522 1902
1230 1976 592
1231 742 733
1232 1599 696
1233 478 1695
1234 1579 682
1235 1493 1412
1236 794 160
1237 1735 1442
1238 1993 1950
1239 755 549
1240 889 1721
1241 1175 837
1242 304 232
1243 1981 684
1244 650 1926
1245 1475 1891
1246 1805 1377
1247 1204 1776
1248 749 1451
1249 333 1313
1250 1530 38
1251 403 653
1252 344 1002
1253 555 10
1254 1933 1563
1255 581 189
1256 658 111
1257 1094 189
1258 969 1868
1259 77 707
1260 1735 470
1261 480 1578
1262 1789 1613
1263 68 1651
1264 1474 1069
1265 1562 1286
1266 1206 1872
1267 1095 1597
1268 1526 1390
1269 381 1690
1270 790 1062
1271 55 819
1272 287 1126
1273 733 1961
1274 522 871
1275 596 1846
1276 872 1813
1277 849 1988
1278 1646 37
1279 1486 418
1280 1300 300
1281 370 1652
1282 1952 1070
1283 1540 202
1284 153 1738
1285 135 1482
1286 1654 1143
1287 78 316
1288 1437 889
1289 549 1031
1290 1593 433
1291 443 233
1292 1669 681
1293 12 8
1294 10 1066
1295 1063 1248
1296 463 674
1297 19 649
1298 1361 464
1299 29 1281
1300 977 1066
1301 762 550
1302 164 1830
1303 733 1250
1304 1968 676
1305 1077 1281
1306 450 593
1307 232 850
1308 1538 526
1309 639 1659
1310 655 16
1311 142 1710
1312 418 1269
1313 1077 802
1314 813 1081
1315 925 351
1316 753 1430
1317 163 1382
1318 1601 1220
1319 1865 1576
1320 974 1932
1321 1945 795
1322 76 665
1323 762 1937
1324 1629 46
1325 1209 43
1326 606 1415
1327 1075 274
1328 195 1723
1329 1481 1495
1330 435 1282
1331 397 1215
1332 1382 1338
1333 163 1418
1334 1302 1807
1335 1211 896
1336 1349 986
1337 394 1658
1338 179 731
1339 1868 1810
1340 373 1894
1341 1106 1156
1342 1028 132
1343 544 823
1344 463 129
1345 679 29
1346 70 836
1347 558 1998
1348 789 1087
1349 1968 1958
1350 78 1376
1351 177 1783
1352 389 1375
1353 543 1092
1354 1545 670
1355 1862 1347
1356 1872 1118
1357 1029 311
1358 1290 1300
1359 628 1036
1360 1716 1143
1361 1484 1471
1362 1551 1446
1363 1643 1021
1364 1570 939
1365 1503 1048
1366 1820 1242
1367 611 1542
1368 23 1589
1369 275 654
1370 1671 470
1371 617 1863
1372 544 304
1373 1794 695
1374 1608 1681
1375 4 1961
1376 1666 1438
1377 1839 1785
1378 253 1424
1379 633 1596
1380 187 296
1381 1651 1975
1382 1407 700
1383 203 326
1384 1357 496
1385 958 1011
1386 689 1623
1387 1646 909
1388 781 139
1389 245 21
1390 1624 1507
1391 1723 1120
1392 577 1387
1393 780 807
1394 616 463
1395 685 1959
1396 1128 10
1397 1401 1450
1398 459 1259
1399 162 1396
1400 1790 606
1401 568 215
1402 288 1551
1403 225 1948
1404 268 409
1405 1548 174
1406 135 1275
1407 1569 199
1408 1042 402
1409 817 292
1410 994 1766
1411 231 1835
1412 222 1761
1413 277 605
1414 1723 1406
1415 305 1543
1416 1570 576
1417 1231 1311
1418 626 1609
1419 1795 755
1420 1032 372
1421 319 778
1422 1662 29
1423 1973 352
1424 961 1019
1425 756 1224
1426 1199 1824
1427 499 998
1428 759 229
1429 282 1213
1430 1213 727
1431 1325 281
1432 1634 23
1433 992 957
1434 773 966
1435 1645 403
1436 523 126
1437 279 409
1438 962 784
1439 886 1149
1440 993 356
1441 826 244
1442 1799 281
1443 1668 22
1444 1708 829
1445 344 1589
1446 813 520
1447 394 1762
1448 389 1551
1449 81 656
1450 83 1648
1451 962 1067
1452 83 1262
1453 1435 128
1454 81 1682
1455 1188 98
1456 746 612
1457 1532 357
1458 982 812
1459 1262 234
1460 1732 1372
1461 1582 1930
1462 714 238
1463 341 1909
1464 1401 556
1465 434 512
1466 1771 810
1467 689 633
1468 857 862
1469 1436 1786
1470 282 1063
1471 1238 949
1472 830 1693
1473 1058 1042
1474 1898 713
1475 1761 1247
1476 1724 162
1477 875 1514
1478 1711 973
1479 74 1974
1480 590 273
1481 1241 1513
1482 1376 1037
1483 1504 1307
1484 251 828
1485 99 58
1486 1770 217
1487 818 1500
1488 256 1549
1489 948 313
1490 159 1101
1491 80 1132
1492 1720 797
1493 1798 530
1494 175 57
1495 1656 1363
1496 401 1288
1497 1368 1725
1498 1541 931
1499 1403 948
1500 1518 1075
1501 1832 158
1502 1186 113
1503 1926 1906
1504 76 1083
1505 1955 971
1506 171 1025
1507 390 1679
1508 1752 1867
1509 1381 325
1510 346 30
1511 350 671
1512 1282 1742
1513 819 1802
1514 1237 1396
1515 353 1729
1516 713 1592
1517 743 1762
1518 492 634
1519 1249 1320
1520 492 983
1521 1477 613
1522 1600 1494
1523 671 163
1524 731 38
1525 1952 396
1526 746 511
1527 318 979
1528 1353 1396
1529 1079 1020
1530 1770 977
1531 1523 676
1532 1702 1656
1533 1945 1277
1534 429 573
1535 759 75
1536 66 984
1537 1797 889
1538 1479 211
1539 1293 563
1540 1820 1632
1541 1139 1473
1542 290 740
1543 1969 414
1544 1469 810
1545 644 506
1546 1064 1238
1547 1274 1923
1548 1459 1465
1549 130 1409
1550 159 1000
1551 946 742
1552 1145 1135
1553 372 1719
1554 947 1928
1555 175 1442
1556 727 1383
1557 1710 1366
1558 1037 306
1559 736 1371
1560 380 1842
1561 1526 600
1562 647 1875
1563 1941 972
1564 1862 1407
1565 1729 415
1566 1534 1426
1567 1489 1537
1568 1184 1215
1569 791 1038
1570 474 478
1571 122 848
1572 1353 691
1573 1593 492
1574 841 533
1575 511 72
1576 427 1895
1577 814 1218
1578 192 56
1579 1685 678
1580 1202 457
1581 1504 535
1582 396 264
1583 1701 1593
1584 1563 704
1585 346 1131
1586 1244 740
1587 1528 1948
1588 945 1322
1589 1585 425
1590 1045 1831
1591 1636 1056
1592 296 64
1593 149 995
1594 1035 1121
1595 171 162
1596 1231 973
1597 568 381
1598 1150 1344
1599 440 1515
1600 1656 138
1601 897 269
1602 1102 1459
1603 235 1398
1604 1 1942
1605 1463 1307
1606 612 9
1607 83 1548
1608 143 908
1609 1629 767
1610 1925 1591
1611 425 639
1612 1212 471
1613 1478 1179
1614 1346 1869
1615 1835 1278
1616 903 1256
1617 1287 1866
1618 271 1548
1619 131 757
1620 1504 1463
1621 427 918
1622 1845 176
1623 498 109
1624 157 753
1625 561 1845
1626 1207 203
1627 1724 1760
1628 633 1868
1629 187 1098
1630 275 277
1631 547 1919
1632 929 1362
1633 62 325
1634 1751 263
1635 218 1910
1636 529 1176
1637 1889 689
1638 477 881
1639 870 122
1640 1117 150
1641 1288 305
1642 826 662
1643 1687 726
1644 257 354
1645 1405 1682
1646 1422 622
1647 1779 502
1648 1394 1142
1649 617 474
1650 1866 936
1651 417 1456
1652 62 207
1653 344 1973
1654 1399 1268
1655 472 1482
1656 334 1951
1657 923 174
1658 774 772
1659 1509 205
1660 1018 621
1661 1783 1042
1662 1441 95
1663 165 1725
1664 412 1280
1665 1208 925
1666 1889 463
1667 855 1528
1668 243 1965
1669 304 1418
1670 761 126
1671 897 924
1672 952 119
1673 1828 1894
1674 1633 869
1675 1576 1015
1676 340 1408
1677 245 1734
1678 1201 1068
1679 517 1301
1680 674 1967
1681 80 993
1682 1794 1420
1683 1059 1624
1684 1098 1766
1685 960 93
1686 1143 1079
1687 23 1863
1688 1175 473
1689 1559 1633
1690 311 1956
1691 1636 1367
1692 1396 924
1693 1160 395
1694 1812 914
1695 1344 227
1696 1677 1073
1697 1137 965
1698 152 1102
1699 724 1087
1700 231 757
1701 1099 255
1702 491 75
1703 1004 1694
1704 1383 1007
1705 1414 1237
1706 1522 1455
1707 1225 972
1708 814 1302
1709 336 677
1710 1965 21
1711 1862 329
1712 450 1459
1713 1752 649
1714 740 1313
1715 1808 173
1716 1347 1475
1717 159 1255
1718 1985 655
1719 20 1952
1720 348 408
1721 1505 1568
1722 585 1187
1723 1159 1391
1724 565 1763
1725 882 948
1726 765 281
1727 1105 268
1728 642 96
1729 660 443
1730 545 1400
1731 469 729
1732 450 1843
1733 1396 627
1734 1835 503
1735 547 1260
1736 236 93
1737 1600 132
1738 1290 47
1739 324 1473
1740 468 568
1741 1044 553
1742 1082 858
1743 1972 535
1744 995 1474
1745 1296 1210
1746 1190 1599
1747 817 1327
1748 1754 962
1749 630 626
1750 425 106
1751 1545 657
1752 1645 343
1753 906 963
1754 819 710
1755 1236 1492
1756 90 466
1757 1143 225
1758 53 1311
1759 1721 614
1760 454 169
1761 8 1551
1762 1014 1761
1763 585 632
1764 1335 364
1765 347 375
1766 1457 179
1767 1252 34
1768 1308 736
1769 621 1266
1770 688 298
1771 661 1076
1772 560 1951
1773 1425 1434
1774 997 1489
1775 307 212
1776 168 537
1777 158 1747
1778 1553 382
1779 791 1481
1780 986 1492
1781 367 371
1782 723 943
1783 1737 1517
1784 648 1496
1785 893 693
1786 1868 630
1787 726 837
1788 1577 240
1789 1123 1644
1790 1652 1675
1791 1754 1595
1792 411 1232
1793 387 1268
1794 183 1450
1795 1090 344
1796 419 1986
1797 967 14
1798 219 1482
1799 437 994
1800 455 1824
1801 370 1258
1802 299 727
1803 1684 887
1804 750 599
1805 1796 862
1806 1476 1283
1807 829 610
1808 1371 1832
1809 942 1083
1810 893 529
1811 969 1379
1812 909 1084
1813 1737 1016
1814 985 1464
1815 875 607
1816 10 1537
1817 1708 1419
1818 1815 1246
1819 1130 609
1820 29 942
1821 1009 1435
1822 1502 90
1823 1501 1851
1824 1914 1537
1825 1595 376
1826 208 933
1827 1584 1948
1828 503 1897
1829 388 541
1830 1261 410
1831 1820 1412
1832 907 1085
1833 1668 683
1834 1130 1950
1835 630 1922
1836 1804 1750
1837 737 132
1838 864 1146
1839 1698 59
1840 1316 927
1841 964 1612
1842 1373 1022
1843 1289 1313
1844 1185 1401
1845 196 545
1846 890 775
1847 1444 1030
1848 1915 1710
1849 1396 1478
1850 786 638
1851 487 202
1852 1194 1334
1853 1071 1964
1854 1022 1990
1855 656 1871
1856 327 667
1857 229 826
1858 1952 1579
1859 1062 643
1860 1405 1301
1861 1652 983
1862 1182 1952
1863 1862 32
1864 1063 732
1865 242 1565
1866 579 1479
1867 1539 1745
1868 1708 689
1869 1907 925
1870 584 45
1871 1381 934
1872 1391 1051
1873 634 962
1874 576 384
1875 1819 1301
1876 1778 1168
1877 1068 79
1878 142 1088
1879 452 38
1880 32 1712
1881 1615 486
1882 1786 304
1883 1632 901
1884 140 160
1885 1459 1704
1886 960 1381
1887 877 748
1888 1402 1807
1889 306 1859
1890 119 1687
1891 498 1166
1892 1556 468
1893 1300 496
1894 42 343
1895 1359 1890
1896 1405 1153
1897 738 638
1898 780 1632
1899 1686 700
1900 351 115
1901 481 849
1902 721 1279
1903 392 985
1904 1081 614
1905 1374 1597
1906 995 574
1907 1364 449
1908 1591 1223
1909 55 811
1910 1240 879
1911 10 356
1912 1324 1958
1913 1003 185
1914 1986 1812
1915 1695 684
1916 999 290
1917 864 514
1918 1752 345
1919 138 557
1920 1392 1945
1921 1994 109
1922 1938 807
1923 324 1252
1924 574 826
1925 1889 1249
1926 1848 210
1927 333 179
1928 1273 109
1929 1074 1728
1930 473 1731
1931 123 1269
1932 173 1261
1933 1603 762
1934 1620 181
1935 1963 807
1936 474 1711
1937 726 485
1938 1752 847
1939 1107 196
1940 889 171
1941 971 481
1942 1078 609
1943 1819 375
1944 739 22
1945 1680 705
1946 536 485
1947 627 1290
1948 505 442
1949 1183 519
1950 1201 296
1951 147 1165
1952 1158 1075
1953 353 244
1954 438 727
1955 1774 1953
1956 37 1501
1957 43 1160
1958 1625 181
1959 1685 1477
1960 1619 441
1961 864 1616
1962 266 1228
1963 1859 1278
1964 1194 1702
1965 136 399
1966 1880 1682
1967 1576 907
1968 1675 580
1969 1922 578
1970 1130 1757
1971 1085 233
1972 682 938
1973 1824 1438
1974 1043 339
1975 1983 1166
1976 1722 1259
1977 1364 215
1978 1965 243
1979 508 229
1980 1832 1202
1981 326 1796
1982 1974 1483
1983 655 284
1984 1664 824
1985 264 1530
1986 651 817
1987 1795 1991
1988 590 926
1989 1345 1617
1990 947 557
1991 1222 604
1992 452 1291
1993 1995 221
1994 638 1566
1995 443 263
1996 1738 1546
1997 1423 422
1998 1395 125
1999 1855 443
2000 842 1850
2001 616 787
2002 1318 1859
2003 1370 365
2004 857 1646
2005 1097 488
2006 58 532
2007 1605 510
2008 1089 1325
2009 1681 1690
2010 1268 1707
2011 717 1854
2012 546 1799
2013 127 702
2014 260 917
2015 593 278
2016 404 942
2017 1838 927
2018 1905 528
2019 1208 1096
2020 55 1346
2021 58 1336
2022 1467 346
2023 1290 1607
2024 1084 1802
2025 437 1288
2026 77 1639
2027 889 1484
2028 983 1592
2029 842 1972
2030 993 1683
2031 214 438
2032 1890 1772
2033 2 593
2034 35 1594
2035 510 881
2036 412 1081
2037 1467 1462
2038 351 1079
2039 1202 1599
2040 486 1670
2041 1595 1752
2042 586 1610
2043 685 1679
2044 854 1560
2045 1163 1593
2046 703 1688
2047 1892 1312
2048 659 1036
2049 1550 669
2050 1279 1771
2051 106 1406
2052 1997 1716
2053 660 1498
2054 1737 793
2055 1098 1805
2056 1316 711
2057 1222 1295
2058 1427 396
2059 191 1750
2060 150 1172
2061 148 851
2062 1117 508
2063 1125 1615
2064 1985 242
2065 339 805
2066 1668 1212
2067 32 1828
2068 543 748
2069 1233 540
2070 591 1393
2071 89 1519
2072 1592 453
2073 160 634
2074 698 445
2075 1092 1193
2076 241 1648
2077 1608 115
2078 1274 240
2079 1531 815
2080 674 1692
2081 1818 1752
2082 1207 1164
2083 1898 458
2084 1083 495
2085 1810 1723
2086 1457 1971
2087 764 1463
2088 1580 1335
2089 1879 58
2090 1043 877
2091 1374 496
2092 1743 1082
2093 699 999
2094 1354 1083
2095 412 29
2096 993 1011
2097 343 1335
2098 1184 1618
2099 229 1979
2100 1913 536
2101 542 601
2102 100 1211
2103 1357 369
2104 503 728
2105 1963 1077
2106 1212 447
2107 714 1046
2108 731 1731
2109 240 38
2110 338 1896
2111 1699 344
2112 69 1202
2113 345 954
2114 1285 1981
2115 1761 1718
2116 103 1806
2117 1670 308
2118 1584 1791
2119 1559 1844
2120 1539 1895
2121 166 448
2122 1098 31
2123 496 1263
2124 81 1751
2125 1404 507
2126 1054 1445
2127 1518 593
2128 710 111
2129 516 812
2130 1367 839
2131 1473 130
2132 1005 659
2133 1760 1351
2134 440 247
2135 1267 1244
2136 346 1193
2137 1599 1336
2138 725 1458
2139 1557 967
2140 1798 604
2141 1396 690
2142 118 1120
2143 1178 887
2144 1726 825
2145 892 1629
2146 1002 137
2147 389 417
2148 1697 1525
2149 921 772
2150 1950 846
2151 303 1131
2152 375 536
2153 318 887
2154 1224 1564
2155 1237 1125
2156 648 1689
2157 1233 1743
2158 1088 1176
2159 1129 208
2160 1550 312
2161 1155 672
2162 1494 1384
2163 1652 1267
2164 842 636
2165 806 1427
2166 556 461
2167 1646 553
2168 1237 1879
2169 1308 728
2170 453 1148
2171 478 1076
2172 665 1977
2173 1813 1395
2174 1264 954
2175 1660 1312
2176 1291 1275
2177 99 509
2178 1730 867
2179 1871 170
2180 1162 1549
2181 775 493
2182 1700 1400
2183 462 1190
2184 676 1777
2185 358 42
2186 964 1354
2187 1224 1994
2188 1244 126
2189 1785 670
2190 946 755
2191 627 1670
2192 43 1862
2193 1636 1932
2194 1955 1504
2195 515 515
2196 456 1721
2197 1958 338
2198 1789 811
2199 1661 1696
2200 19 362
2201 1676 1199
2202 1636 1901
2203 1544 1444
2204 1131 342
2205 30 1738
2206 470 238
2207 938 1607
2208 1330 1255
2209 1252 1306
2210 123 823
2211 1232 117
2212 1165 647
2213 1760 78
2214 523 1545
2215 170 31
2216 875 1205
2217 1838 1170
2218 925 1828
2219 1492 795
2220 1780 967
2221 1281 134
2222 732 484
2223 1435 1913
2224 1006 896
2225 1427 1492
2226 1375 214
2227 1907 1887
2228 678 803
2229 1127 433
2230 1942 354
2231 132 1592
2232 1797 1581
2233 22 240
2234 581 428
2235 469 1293
2236 358 1611
2237 1686 1926
2238 1671 707
2239 154 861
2240 386 866
2241 641 1115
2242 188 627
2243 689 1704
2244 654 374
2245 223 1604
2246 812 1035
2247 1094 574
2248 1161 1915
2249 656 813
2250 786 1845
2251 1373 905
2252 631 531
2253 1092 162
2254 909 1122
2255 1140 880
2256 1283 1915
2257 664 374
2258 510 1020
2259 335 546
2260 455 1118
2261 1338 1088
2262 151 1235
2263 87 245
2264 1938 1249
2265 939 752
2266 1944 749
2267 1706 840
2268 1236 1768
2269 676 1257
2270 1736 456
2271 566 1883
2272 749 1339
2273 239 558
2274 1870 795
2275 1391 1104
2276 958 1340
2277 753 418
2278 1497 1509
2279 283 1491
2280 1506 1862
2281 734 841
2282 709 821
2283 1943 1741
2284 504 915
2285 215 1991
2286 676 454
2287 209 1596
2288 851 1939
2289 395 1589
2290 550 31
2291 260 302
2292 566 1555
2293 1873 999
2294 1037 1405
2295 466 1704
2296 1781 306
2297 1669 1860
2298 673 1987
2299 805 1482
2300 1872 1219
2301 1593 870
2302 787 771
2303 1557 1391
2304 898 177
2305 1917 773
2306 1099 395
2307 1844 969
2308 1445 26
2309 1906 168
2310 1804 713
2311 968 221
2312 1094 1180
2313 566 601
2314 1255 1901
2315 830 118
2316 1304 184
2317 890 962
2318 1184 1679
2319 167 673
2320 1953 853
2321 355 1743
2322 119 582
2323 841 1192
2324 1312 976
2325 554 1598
2326 1487 664
2327 151 182
2328 1033 15
2329 919 1678
2330 875 1662
2331 953 497
2332 1052 756
2333 986 320
2334 175 821
2335 534 22
2336 443 1826
2337 1760 500
2338 1133 1645
2339 836 1662
2340 830 567
2341 42 750
2342 1790 1603
2343 464 1477
2344 350 689
2345 1 276
2346 1149 285
2347 1912 495
2348 1098 250
2349 1141 1011
2350 1360 1007
2351 1894 381
2352 954 297
2353 1315 2
2354 751 15
2355 1608 1459
2356 231 72
2357 340 1874
2358 1580 1823
2359 652 624
2360 1455 560
2361 1115 1543
2362 298 1718
2363 905 1966
2364 618 1553
2365 1576 77
2366 1242 693
2367 1475 1806
2368 40 426
2369 1170 1712
2370 1659 1781
2371 1664 1695
2372 341 221
2373 1274 1648
2374 838 1432
2375 1377 453
2376 404 1440
2377 1667 70
2378 901 435
2379 1416 103
2380 1601 1367
2381 669 447
2382 1323 747
2383 1104 667
2384 662 803
2385 212 1259
2386 531 1493
2387 79 759
2388 430 42
2389 799 541
2390 835 970
2391 1955 1073
2392 315 356
2393 166 1104
2394 1153 452
2395 1372 1795
2396 839 1354
2397 896 1646
2398 580 279
2399 1919 391
2400 199 558
2401 1498 603
2402 1775 536
2403 175 239
2404 889 534
2405 505 1307
2406 1519 1526
2407 549 675
2408 747 117
2409 38 1528
2410 1065 182
2411 625 690
2412 1469 1328
2413 209 1570
2414 1699 1254
2415 454 1400
2416 1498 704
2417 1135 216
2418 1409 369
2419 585 1278
2420 1590 1953
2421 1856 1201
2422 679 1470
2423 830 484
2424 1982 1340
2425 1000 1162
2426 107 1703
2427 57 1866
2428 1166 1839
2429 1954 1186
2430 502 1198
2431 1790 1227
2432 876 70
2433 113 1882
2434 1689 633
2435 1844 558
2436 938 510
2437 1495 478
2438 265 1783
2439 858 492
2440 1479 452
2441 882 289
2442 1574 992
2443 1720 30
2444 1829 95
2445 622 740
2446 178 1234
2447 339 1288
2448 1188 300
2449 353 1696
2450 608 573
2451 811 761
2452 337 1955
2453 307 556
2454 1947 87
2455 1828 1322
2456 1102 550
2457 690 820
2458 1954 1907
2459 91 366
2460 713 1676
2461 670 1904
2462 922 203
2463 1029 1698
2464 496 1247
2465 1693 796
2466 677 901
2467 1608 1957
2468 395 420
2469 235 723
2470 1745 676
2471 1811 517
2472 1944 1988
2473 1525 317
2474 1889 406
2475 18 355
2476 1919 280
2477 1989 454
2478 1726 131
2479 51 1024
2480 121 985
2481 812 700
2482 640 1610
2483 1259 1861
2484 373 538
2485 1337 1882
2486 1235 660
2487 568 685
2488 174 1199
2489 1059 237
2490 1416 182
2491 641 1713
2492 1815 614
2493 127 1881
2494 1762 1260
2495 208 105
2496 1426 830
2497 1000 1318
2498 1233 1610
2499 1258 1391
2500 1682 1431
2501 1490 1967
2502 1845 1054
2503 211 566
2504 1717 1025
2505 755 1165
2506 1194 755
2507 1961 1191
2508 214 741
2509 1264 501
2510 1343 799
2511 1817 980
2512 421 1106
2513 145 155
2514 1724 835
2515 1714 1841
2516 691 1012
2517 59 1235
2518 1230 1794
2519 53 1188
2520 595 1264
2521 237 161
2522 947 1448
2523 380 1165
2524 1432 1508
2525 507 1233
2526 749 384
2527 1860 695
2528 1274 1293
2529 1325 1951
2530 1529 392
2531 479 1940
2532 643 1322
2533 440 1803
2534 990 1216
2535 1588 746
2536 389 1310
2537 105 957
2538 1592 559
2539 939 1325
2540 280 604
2541 930 933
2542 1490 1780
2543 749 1314
2544 1125 553
2545 1535 1498
2546 963 923
2547 960 873
2548 973 573
2549 1528 1905
2550 71 1934
2551 1841 589
2552 398 1606
2553 258 1668
2554 1300 440
2555 1377 188
2556 1151 239
2557 1631 1361
2558 1769 641
2559 431 1381
2560 780 272
2561 1662 332
2562 13 656
2563 89 253
2564 724 1809
2565 1872 448
2566 973 1978
2567 1612 1155
2568 1547 1841
2569 1881 1230
2570 846 472
2571 1115 332
2572 508 641
2573 88 1819
2574 1208 1255
2575 137 1797
2576 493 181
2577 234 656
2578 603 407
2579 439 611
2580 1205 1965
2581 1836 26
2582 321 1120
2583 983 541
2584 939 192
2585 514 1555
2586 448 878
2587 1091 92
2588 1422 132
2589 1371 880
2590 1091 1909
2591 1979 152
2592 909 571
2593 1163 383
2594 246 868
2595 725 239
2596 80 729
2597 863 1582
2598 794 1132
2599 171 1842
2600 51 1182
2601 294 1104
2602 427 1908
2603 1603 1187
2604 188 22
2605 1972 1999
2606 957 1878
2607 487 305
2608 545 1497
2609 749 1701
2610 73 1250
2611 1824 1944
2612 1522 933
2613 33 575
2614 1144 647
2615 1150 1730
2616 1954 1551
2617 166 559
2618 1766 746
2619 197 410
2620 1601 179
2621 266 1282
2622 1009 1059
2623 334 1156
2624 326 323
2625 1788 1210
2626 426 160
2627 1010 410
2628 467 258
2629 1098 1085
2630 211 121
2631 538 1992
2632 1777 782
2633 852 747
2634 412 60
2635 1039 1912
2636 42 1505
2637 993 609
2638 794 642
2639 1478 1924
2640 1679 540
2641 1382 1044
2642 854 1679
2643 1156 688
2644 1707 377
2645 843 940
2646 1657 98
2647 1413 862
2648 631 22
2649 534 1628
2650 955 1175
2651 122 1525
2652 1794 1989
2653 528 411
2654 268 905
2655 730 1446
2656 1411 1402
2657 1621 427
2658 339 1510
2659 1691 413
2660 552 119
2661 1046 364
2662 902 1841
2663 1664 331
2664 293 1814
2665 745 1651
2666 1199 1477
2667 1332 526
2668 1862 221
2669 1770 258
2670 116 1845
2671 1135 984
2672 1845 1407
2673 1314 788
2674 338 1877
2675 1008 1988
2676 1848 1360
2677 13 1372
2678 1190 7
2679 1443 172
2680 1732 1371
2681 500 1656
2682 1081 1246
2683 1137 625
2684 156 948
2685 1488 1780
2686 629 1126
2687 816 124
2688 413 1500
2689 1527 716
2690 978 1422
2691 1975 245
2692 288 1472
2693 1306 214
2694 1168 1195
2695 876 205
2696 839 75
2697 695 984
2698 1111 1835
2699 1423 154
2700 344 1777
2701 1058 1415
2702 141 721
2703 1210 1335
2704 1508 933
2705 569 1129
2706 1504 1019
2707 1646 1046
2708 443 1892
2709 1204 1568
2710 325 86
2711 184 201
2712 233 1021
2713 1862 425
2714 318 632
2715 103 1057
2716 356 115
2717 1879 1691
2718 490 1568
2719 1532 423
2720 636 684
2721 1599 772
2722 988 1548
2723 511 318
2724 388 885
2725 1959 1298
2726 121 403
2727 357 1119
2728 348 1366
2729 1269 429
2730 1002 145
2731 1160 1426
2732 1944 1794
2733 1413 457
2734 365 957
2735 49 940
2736 1137 1371
2737 282 204
2738 1041 151
2739 1080 1647
2740 1140 1050
2741 1643 1419
2742 1212 57
2743 1127 537
2744 889 1298
2745 496 144
2746 1829 1806
2747 751 1748
2748 764 1382
2749 400 1904
2750 985 689
2751 1407 1764
2752 668 1862
2753 926 1532
2754 475 1834
2755 457 414
2756 1226 922
2757 933 505
2758 637 1569
2759 733 1112
2760 491 1238
2761 1343 28
2762 1089 136
2763 646 925
2764 1251 1308
2765 490 1926
2766 1313 350
2767 1091 1687
2768 1302 1824
2769 1354 812
2770 28 659
2771 1946 8
2772 1944 215
2773 1613 692
2774 1815 1647
2775 203 774
2776 1666 656
2777 1746 1766
2778 1201 172
2779 724 617
2780 438 1421
2781 1158 1780
2782 90 1831
2783 301 779
2784 1584 406
2785 641 263
2786 187 1709
2787 661 1911
2788 1410 1714
2789 1165 1666
2790 256 1778
2791 227 50
2792 1137 72
2793 1834 1426
2794 533 1841
2795 1601 587
2796 142 1056
2797 1429 1821
2798 1948 1070
2799 1294 1065
2800 487 828
2801 1051 1241
2802 960 590
2803 320 1721
2804 1578 1745
2805 1517 163
2806 1555 189
2807 1381 744
2808 518 779
2809 1830 1360
2810 864 1674
2811 1016 1586
2812 643 1840
2813 552 1097
2814 725 266
2815 423 150
2816 1884 608
2817 202 1203
2818 53 1633
2819 301 305
2820 1900 471
2821 527 1275
2822 592 1749
2823 988 1804
2824 599 183
2825 1239 731
2826 533 1677
2827 1181 1804
2828 997 829
2829 980 1036
2830 1271 543
2831 1769 108
2832 114 592
2833 429 1214
2834 1160 1241
2835 706 80
2836 409 1553
2837 560 331
2838 256 1357
2839 953 1302
2840 836 3
2841 864 1699
2842 800 64
2843 225 729
2844 1954 1294
2845 1151 490
2846 434 1842
2847 535 590
2848 866 1267
2849 81 1155
2850 762 1667
2851 232 1729
2852 797 1282
2853 1014 372
2854 1680 1529
2855 1012 27
2856 1146 332
2857 788 1672
2858 1252 690
2859 315 1344
2860 326 1507
2861 145 1415
2862 600 1937
2863 1375 431
2864 893 1957
2865 1722 1069
2866 1676 1448
2867 799 1793
2868 1192 1359
2869 1955 1424
2870 344 238
2871 442 1729
2872 1383 729
2873 1229 842
2874 21 838
2875 1954 1680
2876 1938 1139
2877 528 847
2878 45 1181
2879 816 30
2880 1501 585
2881 1629 42
2882 790 1473
2883 1727 1085
2884 558 770
2885 759 1885
2886 1532 1308
2887 1507 422
2888 277 1381
2889 1726 1608
2890 942 149
2891 1772 614
2892 1472 1140
2893 693 1602
2894 1583 1745
2895 1443 472
2896 1415 190
2897 1404 8
2898 1802 1212
2899 1849 313
2900 1165 1627
2901 1888 1002
2902 727 1104
2903 1653 1994
2904 396 1900
2905 1672 372
2906 1391 899
2907 294 832
2908 809 1489
2909 192 299
2910 1531 62
2911 1798 1755
2912 533 145
2913 1295 1498
2914 1459 734
2915 1487 1263
2916 356 677
2917 1421 1843
2918 468 887
2919 684 825
2920 552 1993
2921 1224 480
2922 827 866
2923 887 358
2924 1577 1130
2925 698 1222
2926 475 567
2927 1464 309
2928 637 1884
2929 754 931
2930 1722 671
2931 219 771
2932 1799 461
2933 358 1289
2934 526 559
2935 1689 1024
2936 1572 664
2937 203 222
2938 1183 1454
2939 1715 407
2940 1309 1174
2941 1815 1121
2942 1279 413
2943 638 1149
2944 848 1198
2945 44 1513
2946 951 14
2947 494 1988
2948 1444 1780
2949 619 346
2950 1561 1274
2951 1561 1843
2952 1537 9
2953 1516 441
2954 569 1489
2955 1530 108
2956 1477 109
2957 1429 1591
2958 251 1189
2959 376 309
2960 794 47
2961 384 1190
2962 218 213
2963 292 1331
2964 1013 352
2965 1002 1525
2966 461 1127
2967 113 1059
2968 443 433
2969 1150 1722
2970 1184 1777
2971 329 1830
2972 679 201
2973 1104 841
2974 1189 1608
2975 778 1551
2976 734 1570
2977 1731 1366
2978 1853 499
2979 1996 1578
2980 1976 1696
2981 1441 1776
2982 652 1353
2983 1103 1238
2984 1488 1317
2985 1576 742
2986 1839 1998
2987 508 880
2988 66 951
2989 1281 544
2990 1574 1857
2991 895 515
2992 606 205
2993 1871 489
2994 1698 853
2995 729 1112
2996 316 680
2997 1449 196
2998 1878 1021
2999 1218 1574
3000 1616 895
3001 1 680
3002 1255 1205
3003 1026 105
3004 862 791
3005 32 1251
3006 637 937
3007 401 1618
3008 81 1970
3009 1383 654
3010 82 479
3011 905 1693
3012 1174 1946
3013 763 1509
3014 814 892
3015 721 1631
3016 1731 1756
3017 1909 1402
3018 533 382
3019 498 1781
3020 371 343
3021 1967 1530
3022 1666 1750
3023 1609 1492
3024 1288 1788
3025 1639 1251
3026 1724 937
3027 1200 963
3028 1327 713
3029 753 763
3030 682 809
3031 1744 3
3032 1732 1143
3033 470 116
3034 189 1481
3035 560 1683
3036 864 630
3037 100 16
3038 368 636
3039 1065 28
3040 484 198
3041 635 465
3042 1069 1672
3043 1953 51
3044 1696 1335
3045 645 400
3046 1804 906
3047 405 1910
3048 498 304
3049 330 1540
3050 406 1709
3051 1523 300
3052 1942 200
3053 1855 801
3054 744 743
3055 1957 383
3056 1479 483
3057 1203 1200
3058 1849 62
3059 163 937
3060 213 1715
3061 759 391
3062 1340 1482
3063 26 169
3064 981 1674
3065 352 870
3066 215 38
3067 517 1713
3068 1447 893
3069 545 912
3070 1792 664
3071 933 290
3072 639 956
3073 673 141
3074 1083 1016
3075 1675 1286
3076 1496 483
3077 1591 1627
3078 1093 893
3079 916 1329
3080 1686 688
3081 1073 1359
3082 754 1602
3083 1178 1986
3084 1721 1333
3085 1595 1578
3086 1339 1458
3087 1134 1954
3088 1833 1912
3089 555 1967
3090 220 1821
3091 67 1899
3092 1512 714
3093 1358 1591
3094 1560 1461
3095 1656 218
3096 1873 737
3097 1426 1894
3098 1527 884
3099 1841 760
3100 1791 1104
3101 106 168
3102 348 1290
3103 1850 605
3104 1351 1056
3105 454 1995
3106 1198 808
3107 1471 1140
3108 701 1925
3109 279 1985
3110 1143 1230
3111 1680 1534
3112 864 1664
3113 572 1169
3114 1221 278
3115 603 195
3116 1187 904
3117 48 1721
3118 752 1415
3119 1604 1552
3120 424 388
3121 1342 370
3122 867 1508
3123 1358 631
3124 1042 1008
3125 1476 670
3126 946 972
3127 852 39
3128 391 931
3129 1123 348
3130 62 941
3131 738 636
3132 1090 321
3133 1157 591
3134 1460 291
3135 1720 440
3136 367 1412
3137 945 963
3138 687 1375
3139 1984 1931
3140 1633 1797
3141 475 69
3142 1351 1473
3143 1959 679
3144 1372 1594
3145 1053 1310
3146 106 821
3147 1073 12
3148 355 1211
3149 1752 1298
3150 189 956
3151 1457 366
3152 1228 1259
3153 1102 580
3154 475 774
3155 1930 299
3156 668 1411
3157 1916 1499
3158 1011 1602
3159 1059 1631
3160 1861 1080
3161 1991 1801
3162 381 1202
3163 226 1247
3164 376 696
3165 1574 38
3166 651 747
3167 825 1896
3168 623 1048
3169 1262 214
3170 932 1361
3171 822 645
3172 143 714
3173 1541 1727
3174 756 280
3175 771 292
3176 759 1906
3177 188 1427
3178 336 1477
3179 1306 1059
3180 122 898
3181 1762 580
3182 421 1241
3183 1828 1585
3184 276 800
3185 1194 291
3186 1813 1793
3187 1863 1466
3188 731 1613
3189 1467 1317
3190 1757 675
3191 22 439
3192 416 427
3193 1481 421
3194 446 1230
3195 664 1736
3196 69 896
3197 502 1267
3198 469 723
3199 1349 657
3200 1841 786
3201 1350 342
3202 822 818
3203 1574 1611
3204 1001 1285
3205 1778 1643
3206 229 737
3207 1807 776
3208 1422 1599
3209 1486 680
3210 429 1782
3211 561 1795
3212 1409 311
3213 1104 549
3214 1175 1877
3215 554 1169
3216 332 579
3217 1986 773
3218 192 400
3219 15 1841
3220 792 1943
3221 88 455
3222 1513 1186
3223 1208 372
3224 1448 258
3225 1905 1015
3226 452 1658
3227 356 356
3228 1510 169
3229 1875 105
3230 425 1263
3231 1826 1720
3232 1074 607
3233 299 1487
3234 1855 1290
3235 1624 668
3236 1122 1340
3237 65 778
3238 590 1905
3239 1325 667
3240 1029 220
3241 290 1840
3242 1125 1980
3243 1076 127
3244 1735 1053
3245 1717 1206
3246 440 614
3247 1078 1151
3248 722 129
3249 166 902
3250 1289 1044
3251 1123 1543
3252 1063 1200
3253 246 1822
3254 857 310
3255 43 1663
3256 1617 1795
3257 706 1623
3258 1129 684
3259 1084 984
3260 421 428
3261 1016 740
3262 203 1300
3263 172 151
3264 84 873
3265 428 1545
3266 775 72
3267 1286 608
3268 1450 1848
3269 1952 1698
3270 1216 533
3271 1048 114
3272 668 993
3273 227 1785
3274 1098 1
3275 1818 1395
3276 1197 1069
3277 186 399
3278 273 1311
3279 1057 1238
3280 319 212
3281 1129 1071
3282 1227 692
3283 1120 1372
3284 496 1418
3285 1557 1701
3286 1533 1933
3287 333 168
3288 339 1530
3289 1607 1397
3290 470 1432
3291 298 992
3292 255 1894
3293 872 927
3294 1129 7
3295 1496 1084
3296 856 222
3297 307 1094
3298 264 1818
3299 940 1150
3300 6 687
3301 780 484
3302 417 996
3303 209 1784
3304 415 1138
3305 1689 1394
3306 815 854
3307 579 1247
3308 423 11
3309 300 964
3310 1503 1435
3311 662 1269
3312 1406 1941
3313 982 477
3314 535 1142
3315 1288 548
3316 1994 1874
3317 661 1165
3318 1080 42
3319 449 1164
3320 344 259
3321 976 1661
3322 515 1578
3323 319 616
3324 782 1007
3325 1884 793
3326 1230 397
3327 979 608
3328 1344 377
3329 912 621
3330 1691 1921
3331 782 1207
3332 1966 327
3333 1282 111
3334 1675 1650
3335 1960 219
3336 234 1878
3337 158 624
3338 1965 1291
3339 808 1040
3340 1056 1887
3341 1745 1561
3342 346 1554
3343 1741 1005
3344 849 1526
3345 934 1544
3346 1527 1641
3347 944 1789
3348 1722 1848
3349 1486 92
3350 785 1652
3351 184 1434
3352 1367 1849
3353 706 1483
3354 1009 743
3355 1595 1934
3356 219 923
3357 1853 476
3358 1557 1478
3359 1694 1213
3360 422 510
3361 1584 303
3362 1320 1208
3363 1316 954
3364 1275 821
3365 590 1497
3366 1197 877
3367 1843 1744
3368 968 1397
3369 878 574
3370 202 1949
3371 136 963
3372 911 1214
3373 981 793
3374 582 1377
3375 626 1888
3376 314 1786
3377 592 786
3378 1493 262
3379 776 665
3380 906 408
3381 989 1628
3382 362 1234
3383 1051 385
3384 681 953
3385 1972 553
3386 323 13
3387 61 907
3388 707 1477
3389 720 81
3390 1 1201
3391 1942 871
3392 459 221
3393 1382 920
3394 710 501
3395 1680 1532
3396 1455 1987
3397 1197 1898
3398 519 1021
3399 1165 332
3400 1531 1782
3401 1289 1945
3402 953 1115
3403 1548 1212
3404 1114 634
3405 1431 1840
3406 1981 1538
3407 819 1487
3408 1318 1834
3409 1257 272
3410 815 947
3411 1252 1699
3412 1171 1941
3413 1288 1022
3414 709 950
3415 1446 246
3416 1928 1608
3417 214 1000
3418 536 495
3419 1133 1169
3420 1147 741
3421 129 1165
3422 1100 1353
3423 798 177
3424 752 811
3425 780 1101
3426 1911 996
3427 1603 513
3428 1790 818
3429 1330 327
3430 546 1846
3431 1763 1489
3432 523 1856
3433 186 1824
3434 1649 1617
3435 1894 1436
3436 1510 1826
3437 169 537
3438 1157 1909
3439 824 405
3440 1880 827
3441 67 1286
3442 1303 1824
3443 1437 1205
3444 964 483
3445 1406 734
3446 1308 1248
3447 565 396
3448 947 1093
3449 113 1667
3450 1970 289
3451 384 1590
3452 300 838
3453 1764 375
3454 471 193
3455 1926 88
3456 1916 1857
3457 104 750
3458 1433 1020
3459 1991 1306
3460 1216 1482
3461 1656 724
3462 1251 202
3463 1816 1746
3464 1336 5
3465 1047 1999
3466 31 262
3467 1255 1380
3468 1963 12
3469 609 651
3470 1650 199
3471 1900 1552
3472 278 348
3473 1530 1643
3474 445 1680
3475 1759 934
3476 908 578
3477 1794 1542
3478 428 1119
3479 1854 1293
3480 1611 1181
3481 97 1025
3482 706 837
3483 1193 1647
3484 523 561
3485 256 1011
3486 766 1769
3487 1985 76
3488 1473 1900
3489 1057 1394
3490 624 1312
3491 188 1206
3492 220 1598
3493 1598 108
3494 1810 619
3495 1403 31
3496 1790 1048
3497 364 1498
3498 514 582
3499 1344 569
3500 1864 445
3501 701 1519
3502 925 1363
3503 1241 1489
3504 1524 41
3505 1735 1161
3506 1199 580
3507 1768 752
3508 391 975
3509 1686 1186
3510 316 19
3511 1195 471
3512 134 1056
3513 1055 728
3514 1657 1851
3515 1541 473
3516 689 559
3517 702 1026
3518 545 859
3519 203 9
3520 996 454
3521 1894 1578
3522 1704 1412
3523 1462 1066
3524 156 451
3525 1019 897
3526 731 1577
3527 1594 164
3528 1405 1440
3529 1600 1821
3530 894 754
3531 1688 1567
3532 1398 99
3533 369 532
3534 1981 6
3535 1931 1141
3536 461 744
3537 1369 1796
3538 696 737
3539 1430 505
3540 177 524
3541 1481 460
3542 765 1718
3543 992 1482
3544 329 274
3545 1470 1943
3546 1401 1337
3547 1306 1063
3548 1459 1985
3549 710 662
3550 527 1624
3551 1879 1456
3552 874 370
3553 1288 379
3554 663 571
3555 937 432
3556 1244 667
3557 1892 1658
3558 1186 647
3559 623 1663
3560 1796 901
3561 836 1557
3562 720 353
3563 469 1276
3564 1215 556
3565 1803 1353
3566 594 1076
3567 978 434
3568 211 1859
3569 1113 1806
3570 224 1307
3571 460 241
3572 1057 942
3573 999 1453
3574 865 1684
3575 404 1507
3576 254 468
3577 1284 1629
3578 475 1473
3579 560 1580
3580 1606 1443
3581 1171 1977
3582 1558 1425
3583 1805 1114
3584 1601 1777
3585 949 628
3586 493 1192
3587 442 123
3588 1732 1389
3589 353 1040
3590 1065 876
3591 501 548
3592 1592 824
3593 492 1834
3594 471 286
3595 1819 998
3596 1479 1675
3597 1187 468
3598 1780 859
3599 266 1416
3600 1253 984
3601 342 1896
3602 1209 1705
3603 1008 816
3604 1578 246
3605 1236 1052
3606 975 1717
3607 1292 1940
3608 23 1499
3609 461 1161
3610 1658 398
3611 852 540
3612 1027 1482
3613 264 1701
3614 1131 492
3615 359 745
3616 1942 287
3617 564 1853
3618 904 602
3619 1843 1491
3620 1385 325
3621 1791 520
3622 1636 661
3623 695 925
3624 1696 1429
3625 1258 727
3626 895 1704
3627 559 148
3628 1302 1455
3629 878 1724
3630 32 944
3631 362 1844
3632 1752 873
3633 1317 413
3634 904 1639
3635 291 1624
3636 198 1265
3637 116 1738
3638 1195 368
3639 538 305
3640 43 57
3641 1880 1599
3642 706 530
3643 447 1851
3644 1972 1128
3645 1139 1987
3646 1275 1810
3647 708 1357
3648 1821 193
3649 1818 1267
3650 1562 346
3651 1910 939
3652 280 635
3653 1874 1620
3654 1156 868
3655 1059 1491
3656 441 1570
3657 1252 822
3658 307 612
3659 1465 1553
3660 447 1140
3661 1639 822
3662 1908 1111
3663 680 280
3664 1602 191
3665 1910 1526
3666 198 1678
3667 50 615
3668 620 420
3669 569 201
3670 1096 1388
3671 1658 816
3672 1026 1668
3673 719 873
3674 1406 90
3675 1985 1601
3676 1882 625
3677 836 923
3678 1460 278
3679 418 328
3680 328 1517
3681 828 908
3682 1783 84
3683 1190 1901
3684 66 638
3685 977 1545
3686 1757 1799
3687 1297 513
3688 631 200
3689 68 333
3690 782 997
3691 164 673
3692 782 361
3693 1825 261
3694 257 1748
3695 1863 188
3696 1704 644
3697 1885 1127
3698 510 1279
3699 1064 820
3700 351 583
3701 1193 1658
3702 1329 1606
3703 644 690
3704 1479 924
3705 587 596
3706 1756 1315
3707 1702 1267
3708 1101 1641
3709 1650 187
3710 1134 802
3711 50 861
3712 72 1917
3713 1551 1129
3714 1824 904
3715 1631 81
3716 1819 1080
3717 882 436
3718 1563 817
3719 197 812
3720 1175 1846
3721 94 1236
3722 637 101
3723 1092 1328
3724 1972 1434
3725 952 635
3726 1146 798
3727 1071 110
3728 1818 716
3729 1399 1664
3730 1591 343
3731 450 1571
3732 1079 1442
3733 971 77
3734 1465 1278
3735 407 1451
3736 419 1558
3737 338 1960
3738 1412 1547
3739 526 867
3740 1126 816
3741 1934 1235
3742 1788 846
3743 310 719
3744 1360 236
3745 1501 54
3746 940 171
3747 258 1552
3748 1594 1373
3749 349 1682
3750 1379 1205
3751 1336 1528
3752 1110 471
3753 1535 1546
3754 1837 213
3755 1906 657
3756 845 1425
3757 1653 1325
3758 1951 49
3759 707 1992
3760 1084 1725
3761 139 1110
3762 1351 1215
3763 59 431
3764 1552 1198
3765 496 606
3766 1306 1507
3767 299 584
3768 673 1933
3769 1812 1413
3770 1555 1715
3771 555 678
3772 1213 533
3773 1770 1362
3774 1303 535
3775 1919 353
3776 49 1917
3777 1590 957
3778 1710 75
3779 579 472
3780 1972 1724
3781 1560 720
3782 1944 161
3783 1742 1829
3784 1638 934
3785 1257 801
3786 895 827
3787 873 1820
3788 612 1060
3789 714 947
3790 1936 549
3791 577 48
3792 1417 204
3793 956 639
3794 365 1965
3795 553 20
3796 233 1388
3797 735 400
3798 1857 773
3799 1609 1911
3800 1240 201
3801 1673 596
3802 1860 715
3803 894 376
3804 19 548
3805 739 364
3806 1868 1605
3807 1323 1204
3808 1172 1515
3809 1586 948
3810 1443 914
3811 1662 680
3812 929 1229
3813 1297 787
3814 1861 1427
3815 1842 195
3816 818 136
3817 999 1074
3818 1693 785
3819 1447 17
3820 704 1081
3821 837 1905
3822 1094 884
3823 1380 1283
3824 1267 718
3825 1974 1922
3826 267 1080
3827 737 523
3828 900 780
3829 411 367
3830 1976 119
3831 172 1928
3832 649 328
3833 259 32
3834 168 1284
3835 486 520
3836 1798 1455
3837 1538 1777
3838 1998 435
3839 1623 191
3840 35 803
3841 1780 466
3842 1159 155
3843 574 472
3844 397 1454
3845 1342 650
3846 62 580
3847 1972 909
3848 149 1208
3849 1377 996
3850 25 1951
3851 1056 1433
3852 770 1068
3853 185 1607
3854 1022 670
3855 1251 291
3856 937 1127
3857 1685 693
3858 1076 1915
3859 1063 1383
3860 746 65
3861 751 1803
3862 604 507
3863 848 1686
3864 1985 1171
3865 354 909
3866 1915 931
3867 1729 649
3868 1612 1816
3869 1392 1837
3870 1229 1007
3871 1601 688
3872 1303 1248
3873 991 275
3874 521 1494
3875 1184 683
3876 1239 203
3877 807 541
3878 1111 1780
3879 1776 28
3880 1032 988
3881 395 1507
3882 35 1467
3883 1438 728
3884 165 228
3885 1938 1199
3886 5 1119
3887 800 648
3888 1930 494
3889 396 968
3890 1757 161
3891 1927 1614
3892 532 401
3893 182 1370
3894 1652 1157
3895 1604 481
3896 547 994
3897 1131 209
3898 1601 1136
3899 512 641
3900 1455 458
3901 1633 1325
3902 926 1375
3903 475 935
3904 390 1367
3905 1011 1106
3906 453 540
3907 1659 1568
3908 14 1390
3909 405 1321
3910 832 1591
3911 1534 995
3912 1506 1378
3913 451 415
3914 779 1698
3915 1963 1216
3916 1729 1389
3917 1725 1851
3918 1778 891
3919 38 1301
3920 97 1138
3921 1908 1115
3922 1886 148
3923 214 1440
3924 1083 29
3925 1212 887
3926 1750 360
3927 1804 1556
3928 1150 1903
3929 1298 501
3930 1575 907
3931 266 1239
3932 401 420
3933 1265 465
3934 1587 1754
3935 1949 891
3936 799 11
3937 70 569
3938 861 1614
3939 528 1955
3940 1680 1676
3941 593 722
3942 1645 426
3943 188 450
3944 769 728
3945 1417 1299
3946 1676 430
3947 1857 1365
3948 776 1047
3949 1732 1089
3950 1564 1384
3951 801 188
3952 1680 1504
3953 1389 1162
3954 1821 956
3955 352 1218
3956 938 1556
3957 798 15
3958 1804 1876
3959 1318 332
3960 782 1535
3961 323 1387
3962 1372 1196
3963 1731 179
3964 259 1718
3965 1578 883
3966 406 1288
3967 46 923
3968 691 1986
3969 1167 684
3970 1757 1324
3971 1792 1306
3972 506 1709
3973 396 1990
3974 963 1547
3975 770 827
3976 925 844
3977 1970 1012
3978 1980 474
3979 322 1097
3980 791 1089
3981 1172 607
3982 475 1947
3983 1417 1538
3984 1721 188
3985 826 1040
3986 1207 960
3987 1934 1770
3988 1491 277
3989 403 1277
3990 189 1265
3991 66 51
3992 1490 1454
3993 304 888
3994 188 535
3995 1164 147
3996 988 305
3997 1476 524
3998 311 1221
3999 1551 264
4000 572 1067
4001 1232 197
4002 1977 1982
4003 674 656
4004 63 1160
4005 1176 713
4006 246 1105
4007 421 1468
4008 202 272
4009 980 933
4010 573 1245
4011 389 1792
4012 750 8
4013 569 481
4014 1412 1212
4015 1603 1451
4016 1641 1810
4017 944 1243
4018 1162 588
4019 177 1895
4020 3 1792
4021 932 1150
4022 1348 235
4023 639 1496
4024 1964 1804
4025 1133 1884
4026 126 1377
4027 88 1875
4028 829 729
4029 746 1937
4030 501 1768
4031 1898 240
4032 1063 428
4033 1626 813
4034 1170 1683
4035 965 1105
4036 507 1731
4037 948 1282
4038 1056 1919
4039 1375 1734
4040 1218 272
4041 457 1470
4042 1855 1783
4043 99 1123
4044 1924 120
4045 1410 841
4046 1655 1985
4047 1852 1975
4048 1775 441
4049 853 339
4050 550 1780
4051 1628 307
4052 153 1391
4053 1867 190
4054 1142 588
4055 1558 643
4056 216 663
4057 305 148
4058 1916 122
4059 1327 730
4060 1940 1877
4061 1105 1889
4062 1615 315
4063 1158 544
4064 76 959
4065 1094 345
4066 23 1908
4067 1376 1224
4068 453 997
4069 1156 232
4070 998 1583
4071 847 146
4072 1351 1572
4073 822 1985
4074 503 1855
4075 158 1645
4076 270 1966
4077 1282 490
4078 273 571
4079 1780 1227
4080 1817 1996
4081 308 299
4082 502 1982
4083 1497 731
4084 1182 66
4085 366 1778
4086 340 1075
4087 1776 1998
4088 1818 462
4089 1045 582
4090 1429 503
4091 1148 1712
4092 1638 1387
4093 666 840
4094 70 1182
4095 1810 200
4096 538 851
4097 1057 732
4098 1029 896
4099 1294 555
4100 576 411
4101 1739 509
4102 174 35
4103 795 1094
4104 1931 652
4105 711 1995
4106 1430 840
4107 1426 1155
4108 660 1068
4109 608 1828
4110 442 1994
4111 1473 1321
4112 239 363
4113 115 1932
4114 1420 1941
4115 584 1985
4116 723 1419
4117 1159 612
4118 1105 716
4119 1194 622
4120 738 1122
4121 934 704
4122 1350 1289
4123 1041 1967
4124 30 1840
4125 1240 899
4126 1129 209
4127 55 893
4128 431 1210
4129 1454 905
4130 1186 191
4131 384 529
4132 1601 598
4133 1333 1289
4134 607 666
4135 656 1391
4136 508 1228
4137 1665 731
4138 295 66
4139 384 756
4140 1839 862
4141 37 119
4142 223 631
4143 757 1026
4144 43 1198
4145 1145 278
4146 1628 799
4147 469 1335
4148 1295 1114
4149 160 1026
4150 1630 1199
4151 473 1145
4152 360 1348
4153 1170 1678
4154 830 1956
4155 469 1097
4156 943 1202
4157 1937 1027
4158 15 241
4159 156 570
4160 1077 1233
4161 433 189
4162 117 676
4163 1773 365
4164 583 218
4165 758 1339
4166 369 1369
4167 1404 487
4168 1741 811
4169 607 1376
4170 887 717
4171 1455 1294
4172 153 1162
4173 1376 1077
4174 1068 520
4175 1721 332
4176 585 388
4177 249 1584
4178 248 1951
4179 1163 1173
4180 54 1715
4181 384 846
4182 747 1939
4183 226 1714
4184 1254 1404
4185 1761 1739
4186 1315 1770
4187 372 346
4188 617 1441
4189 10 1463
4190 406 557
4191 847 452
4192 1089 1940
4193 482 1368
4194 614 265
4195 1382 1074
4196 259 140
4197 55 1009
4198 1450 1755
4199 1029 1901
4200 397 1471
4201 297 1307
4202 833 1722
4203 1621 1364
4204 1571 1330
4205 1355 1841
4206 1121 1062
4207 494 1239
4208 316 494
4209 1771 931
4210 809 1308
4211 1132 1585
4212 704 37
4213 902 1496
4214 1084 651
4215 958 673
4216 586 1618
4217 1236 756
4218 1518 526
4219 50 945
4220 1887 713
4221 1277 1139
4222 38 697
4223 1636 61
4224 848 1308
4225 1720 1343
4226 1475 1242
4227 1992 1588
4228 713 403
4229 1479 1605
4230 1620 554
4231 230 647
4232 1554 1030
4233 918 1166
4234 28 1683
4235 1558 371
4236 1165 1811
4237 463 953
4238 1760 982
4239 825 1927
4240 159 750
4241 51 1057
4242 131 655
4243 593 1792
4244 1597 1910
4245 1523 717
4246 940 1172
4247 1232 107
4248 655 1506
4249 1839 108
4250 1912 1663
4251 121 1550
4252 807 779
4253 1309 66
4254 1453 1939
4255 33 1512
4256 107 812
4257 879 154
4258 1002 654
4259 1661 53
4260 1167 1213
4261 1795 1000
4262 1649 1519
4263 774 660
4264 1688 522
4265 1339 49
4266 1728 1442
4267 1970 422
4268 1828 799
4269 159 135
4270 802 1020
4271 1989 1800
4272 798 1501
4273 1830 714
4274 383 598
4275 1781 1761
4276 1310 204
4277 1060 414
4278 355 248
4279 1047 297
4280 689 1724
4281 81 1718
4282 962 1037
4283 1139 1065
4284 1108 30
4285 1771 134
4286 1529 1687
4287 719 254
4288 720 591
4289 1687 759
4290 974 1131
4291 1378 389
4292 115 1645
4293 553 537
4294 1241 1777
4295 1934 499
4296 1370 1580
4297 1309 11
4298 1292 750
4299 1435 1182
4300 573 509
4301 280 1911
4302 205 1222
4303 428 1644
4304 1750 14
4305 584 941
4306 899 981
4307 815 533
4308 427 482
4309 1555 1061
4310 636 1019
4311 1388 1738
4312 1187 1911
4313 229 864
4314 1096 918
4315 1861 1267
4316 795 963
4317 789 1392
4318 396 1634
4319 1658 56
4320 602 131
4321 1568 815
4322 1568 26
4323 569 1475
4324 1690 15
4325 620 64
4326 14 1174
4327 1501 1982
4328 1938 1204
4329 102 706
4330 403 1990
4331 439 1075
4332 1632 1653
4333 1419 1888
4334 1349 363
4335 1485 1443
4336 1020 1710
4337 471 941
4338 866 282
4339 1509 96
4340 1306 1246
4341 394 603
4342 1486 123
4343 1121 605
4344 1689 1895
4345 1553 655
4346 729 541
4347 321 1511
4348 1630 1348
4349 1729 78
4350 1995 682
4351 1142 520
4352 532 1744
4353 1233 274
4354 736 1650
4355 346 323
4356 845 199
4357 796 1133
4358 1218 1530
4359 998 358
4360 1013 1107
4361 1984 1353
4362 1875 203
4363 1604 1253
4364 1325 891
4365 615 938
4366 287 1841
4367 446 1361
4368 1699 1182
4369 554 1193
4370 409 807
4371 1869 1330
4372 353 1718
4373 185 1755
4374 132 945
4375 870 1450
4376 50 1195
4377 696 1294
4378 1651 1287
4379 1157 230
4380 212 1254
4381 216 519
4382 1572 1944
4383 1869 389
4384 334 659
4385 259 799
4386 1006 19
4387 632 1823
4388 1817 1777
4389 1925 1025
4390 1711 589
4391 1354 505
4392 1857 1919
4393 1526 1122
4394 475 577
4395 1873 1028
4396 1550 555
4397 1844 855
4398 1656 158
4399 1348 1517
4400 314 595
4401 1212 58
4402 850 1907
4403 1967 25
4404 1859 1860
4405 49 219
4406 561 1226
4407 780 763
4408 1035 1834
4409 1039 1883
4410 1800 1504
4411 233 1088
4412 992 556
4413 1683 1296
4414 1276 1826
4415 1085 1036
4416 759 1291
4417 1806 1500
4418 775 1136
4419 387 1288
4420 41 1479
4421 415 690
4422 439 490
4423 1046 1978
4424 456 310
4425 1110 1347
4426 212 840
4427 1909 1428
4428 533 1030
4429 1185 634
4430 969 680
4431 106 1018
4432 1395 1567
4433 1131 1067
4434 860 275
4435 246 773
4436 1996 1591
4437 311 1861
4438 1130 1203
4439 278 1260
4440 1910 333
4441 1474 1384
4442 1821 583
4443 1407 487
4444 1017 306
4445 540 1792
4446 1677 1102
4447 1168 1888
4448 24 1576
4449 342 140
4450 520 1455
4451 725 1736
4452 67 1310
4453 388 1769
4454 10 1559
4455 581 589
4456 1755 828
4457 1269 297
4458 380 1151
4459 62 1392
4460 1242 257
4461 1865 301
4462 1787 1754
4463 833 366
4464 1429 939
4465 221 513
4466 878 1668
4467 1207 1594
4468 956 964
4469 183 631
4470 771 35
4471 70 1280
4472 1465 1362
4473 1847 330
4474 769 382
4475 1093 1495
4476 1632 1411
4477 319 954
4478 1310 871
4479 333 462
4480 501 786
4481 550 818
4482 76 1948
4483 1902 573
4484 1318 10
4485 114 1962
4486 1992 1418
4487 1787 1389
4488 520 43
4489 1326 1004
4490 1707 297
4491 1579 737
4492 1758 1402
4493 1530 1853
4494 831 203
4495 243 1011
4496 328 507
4497 817 1746
4498 783 1437
4499 1320 1440
4500 1557 183
4501 1552 612
4502 893 302
4503 1392 1128
4504 467 1044
4505 1217 1852
4506 1526 1093
4507 1705 838
4508 658 228
4509 495 837
4510 1956 168
4511 671 1956
4512 864 213
4513 364 1098
4514 1023 378
4515 155 1140
4516 1948 792
4517 1928 1720
4518 1625 1370
4519 168 1968
4520 1326 178
4521 1062 1934
4522 1939 382
4523 714 1044
4524 23 163
4525 1039 1654
4526 1962 350
4527 1278 1632
4528 219 581
4529 597 696
4530 562 1174
4531 481 785
4532 981 1045
4533 1297 1578
4534 1889 1464
4535 1249 150
4536 844 1850
4537 1905 281
4538 1309 1926
4539 1186 1471
4540 9 1934
4541 871 1576
4542 1082 581
4543 994 99
4544 473 1498
4545 1862 1348
4546 921 1319
4547 1396 1286
4548 736 1929
4549 280 258
4550 1803 1293
4551 887 1871
4552 374 1364
4553 1408 750
4554 136 1210
4555 1113 939
4556 1818 713
4557 1227 561
4558 1168 1779
4559 677 1272
4560 1185 1474
4561 1006 1755
4562 1974 746
4563 272 1746
4564 1386 1459
4565 1887 1106
4566 964 431
4567 108 994
4568 1953 289
4569 368 852
4570 1473 1035
4571 1144 1324
4572 653 1770
4573 1881 82
4574 1794 670
4575 1276 450
4576 189 1188
4577 244 44
4578 792 1823
4579 1479 1590
4580 1454 1133
4581 1733 680
4582 1731 1702
4583 244 1843
4584 1469 1601
4585 1378 742
4586 1501 1312
4587 551 1696
4588 1560 1626
4589 654 1498
4590 1543 1101
4591 1660 1400
4592 770 151
4593 352 1423
4594 1958 1388
4595 257 1480
4596 93 180
4597 1080 1701
4598 1396 712
4599 1485 169
4600 980 1359
4601 719 626
4602 1848 1085
4603 824 1123
4604 137 1915
4605 510 1825
4606 923 588
4607 978 1312
4608 668 476
4609 1873 714
4610 312 1463
4611 1716 1702
4612 1368 1208
4613 1178 1189
4614 1873 834
4615 471 1837
4616 606 1687
4617 1468 1009
4618 973 1998
4619 375 1674
4620 1956 1180
4621 800 591
4622 815 1787
4623 1861 92
4624 1471 1285
4625 1493 203
4626 1924 286
4627 1424 429
4628 853 47
4629 1363 1390
4630 305 1726
4631 53 1501
4632 14 1043
4633 189 1935
4634 133 613
4635 1669 486
4636 1846 963
4637 1205 625
4638 163 807
4639 1985 86
4640 1208 570
4641 448 1692
4642 930 1704
4643 797 730
4644 564 344
4645 1790 324
4646 1066 1710
4647 1186 517
4648 1038 1002
4649 1478 518
4650 1636 1080
4651 1362 1549
4652 1038 493
4653 62 718
4654 658 1640
4655 1696 65
4656 694 165
4657 553 1857
4658 400 277
4659 311 1020
4660 1146 1994
4661 388 1239
4662 703 710
4663 784 1124
4664 1650 1668
4665 1923 377
4666 1606 217
4667 667 935
4668 1217 1643
4669 888 875
4670 151 989
4671 936 653
4672 1179 1967
4673 1017 1250
4674 1795 1597
4675 307 110
4676 1193 1654
4677 1295 1470
4678 1190 1962
4679 1267 1445
4680 497 966
4681 1179 955
4682 452 228
4683 1442 106
4684 505 828
4685 493 196
4686 1289 915
4687 1368 424
4688 1733 744
4689 1941 846
4690 1475 1563
4691 1757 151
4692 1534 1196
4693 984 1544
4694 1491 1790
4695 1005 389
4696 686 1227
4697 1212 1197
4698 1262 456
4699 1124 576
4700 913 901
4701 1744 657
4702 1817 410
4703 486 1923
4704 407 1972
4705 79 1660
4706 205 636
4707 973 1454
4708 531 506
4709 679 1857
4710 330 696
4711 293 464
4712 243 1409
4713 1618 159
4714 15 447
4715 35 1096
4716 967 1622
4717 202 1183
4718 181 408
4719 794 1530
4720 50 737
4721 160 867
4722 1391 1152
4723 1660 1450
4724 1977 1166
4725 243 1121
4726 1949 1893
4727 1098 267
4728 374 1540
4729 1417 19
4730 608 1986
4731 1955 165
4732 1665 1864
4733 1605 540
4734 1392 1388
4735 729 1898
4736 735 141
4737 1394 416
4738 1801 1137
4739 1175 547
4740 1591 918
4741 11 344
4742 1707 21
4743 995 116
4744 1818 753
4745 1766 209
4746 352 1545
4747 1415 318
4748 1471 852
4749 1103 377
4750 1487 362
4751 1481 1171
4752 98 1745
4753 1497 1538
4754 1924 237
4755 199 1189
4756 1224 116
4757 199 641
4758 1385 346
4759 1257 560
4760 841 826
4761 802 1176
4762 1222 1482
4763 1936 1943
4764 762 205
4765 1684 444
4766 1029 82
4767 869 1098
4768 1715 402
4769 1340 53
4770 796 1818
4771 674 1840
4772 591 1517
4773 1499 1317
4774 655 718
4775 1497 1888
4776 1837 741
4777 1817 1758
4778 1855 1682
4779 731 1758
4780 1038 492
4781 1775 1753
4782 493 21
4783 306 1884
4784 508 1452
4785 133 1962
4786 66 1744
4787 990 1038
4788 342 1200
4789 1257 310
4790 1307 1200
4791 364 1494
4792 1279 955
4793 252 1364
4794 1514 221
4795 1493 245
4796 1705 825
4797 1145 1242
4798 587 188
4799 1808 1039
4800 574 875
4801 32 452
4802 1488 1114
4803 1083 179
4804 725 1764
4805 1258 1942
4806 1937 61
4807 633 1250
4808 702 1147
4809 1343 667
4810 279 1451
4811 1006 1702
4812 1311 311
4813 1623 527
4814 1128 1326
4815 782 236
4816 125 1261
4817 725 1327
4818 1448 1929
4819 655 959
4820 1534 941
4821 1726 723
4822 1709 1530
4823 1354 790
4824 468 1131
4825 259 1737
4826 121 601
4827 734 1884
4828 1413 1762
4829 923 1961
4830 1280 332
4831 1950 760
4832 1542 856
4833 1049 1346
4834 111 1805
4835 630 1482
4836 1690 586
4837 1978 512
4838 1623 255
4839 1687 496
4840 915 225
4841 1230 1418
4842 1474 1803
4843 421 1674
4844 255 507
4845 455 1251
4846 1227 1115
4847 792 1260
4848 1609 1631
4849 1072 740
4850 501 554
4851 583 431
4852 675 455
4853 1516 1775
4854 449 972
4855 628 947
4856 1110 1115
4857 1487 1959
4858 448 788
4859 1670 1601
4860 431 1638
4861 668 1124
4862 1385 815
4863 1283 88
4864 1459 445
4865 1632 419
4866 1719 466
4867 1261 875
4868 477 1796
4869 1324 306
4870 993 569
4871 1748 690
4872 874 860
4873 1049 1956
4874 397 242
4875 1947 1078
4876 1565 1383
4877 998 45
4878 1233 1365
4879 1640 1124
4880 128 1578
4881 798 778
4882 50 346
4883 476 940
4884 981 1434
4885 410 1733
4886 1569 341
4887 319 870
4888 819 141
4889 255 640
4890 1764 977
4891 7 49
4892 1541 421
4893 1405 188
4894 237 1531
4895 1945 1461
4896 116 691
4897 87 1415
4898 674 1838
4899 1271 1901
4900 1287 158
4901 1491 1475
4902 1717 11
4903 206 1201
4904 104 276
4905 40 1760
4906 4 1568
4907 45 1451
4908 730 324
4909 645 1199
4910 413 1310
4911 755 102
4912 1473 482
4913 1649 787
4914 1277 757
4915 575 1836
4916 1927 1172
4917 451 114
4918 1550 388
4919 1272 667
4920 1644 759
4921 130 1673
4922 440 1845
4923 264 1242
4924 531 1688
4925 19 1952
4926 1629 796
4927 526 901
4928 200 1092
4929 1473 1269
4930 909 626
4931 1397 1981
4932 1665 655
4933 1339 971
4934 36 433
4935 1257 1393
4936 412 936
4937 376 1449
4938 984 800
4939 206 319
4940 1653 1667
4941 518 1987
4942 1112 929
4943 1448 1373
4944 1293 651
4945 596 601
4946 472 979
4947 481 259
4948 38 391
4949 1250 1881
4950 1699 348
4951 1281 1816
4952 760 120
4953 792 281
4954 797 1253
4955 106 767
4956 1971 1253
4957 791 344
4958 766 1345
4959 1800 854
4960 833 1071
4961 1079 404
4962 1163 1288
4963 415 1621
4964 1491 1550
4965 224 1109
4966 1468 1294
4967 1259 341
4968 782 503
4969 312 1805
4970 1378 1987
4971 811 1606
4972 1297 440
4973 1886 249
4974 162 1128
4975 1511 1979
4976 245 637
4977 1625 1759
4978 629 12
4979 161 678
4980 372 1075
4981 218 1132
4982 235 1051
4983 160 229
4984 129 1227
4985 385 38
4986 351 284
4987 1972 204
4988 117 506
4989 816 870
4990 825 29
4991 1813 652
4992 1103 1383
4993 1043 78
4994 575 165
4995 559 819
4996 1933 1844
4997 1310 1851
4998 1995 687
4999 378 1897
5000 114 70
5001 1569 124
5002 1720 1149
5003 1779 701
5004 991 1050
5005 97 1849
5006 1203 539
5007 1846 785
5008 296 481
5009 554 207
5010 89 868
5011 9 285
5012 1354 483
5013 473 424
5014 1773 300
5015 1235 1558
5016 184 608
5017 205 1826
5018 1532 174
5019 991 32
5020 993 1109
5021 357 1264
5022 1231 36
5023 848 934
5024 890 930
5025 614 488
5026 278 1273
5027 268 1404
5028 1538 1278
5029 650 1996
5030 607 1836
5031 697 1429
5032 888 1612
5033 480 1875
5034 1925 842
5035 751 441
5036 1115 1677
5037 1715 1663
5038 1198 1754
5039 1568 1622
5040 1292 968
5041 658 515
5042 793 349
5043 1687 1521
5044 698 1148
5045 527 695
5046 17 891
5047 1826 1044
5048 1600 601
5049 1091 772
5050 1545 1592
5051 1710 350
5052 1591 532
5053 970 499
5054 1011 1212
5055 846 634
5056 527 1256
5057 1442 312
5058 457 291
5059 1791 1228
5060 350 848
5061 740 1461
5062 1931 588
5063 206 609
5064 514 1729
5065 1092 1742
5066 1659 895
5067 1044 1267
5068 618 749
5069 1960 100
5070 813 608
5071 813 1969
5072 356 847
5073 1802 214
5074 1952 815
5075 1270 1424
5076 1392 454
5077 153 439
5078 1524 1118
5079 254 1610
5080 1614 466
5081 368 1312
5082 412 931
5083 129 1521
5084 1860 1286
5085 547 1237
5086 846 1726
5087 1330 193
5088 704 551
5089 1569 287
5090 1035 31
5091 62 714
5092 452 420
5093 1624 1385
5094 1495 1008
5095 1590 347
5096 173 366
5097 298 63
5098 1341 216
5099 842 560
5100 898 1421
5101 969 411
5102 1978 111
5103 1008 838
5104 1448 1481
5105 851 416
5106 1757 1515
5107 238 787
5108 486 9
5109 1276 1986
5110 463 1256
5111 1187 141
5112 1130 852
5113 1453 856
5114 1425 1381
5115 1573 1144
5116 808 1990
5117 846 759
5118 1208 565
5119 1927 701
5120 734 1479
5121 202 1614
5122 1672 418
5123 1669 1894
5124 1051 1674
5125 737 1853
5126 586 1619
5127 1870 732
5128 581 1058
5129 1478 972
5130 308 1820
5131 1757 243
5132 49 890
5133 1063 334
5134 1351 1547
5135 655 488
5136 1872 171
5137 1872 1228
5138 1316 1791
5139 143 911
5140 284 1547
5141 4 1719
5142 1087 890
5143 1008 1947
5144 1796 1321
5145 1147 1536
5146 1650 289
5147 800 1393
5148 1622 247
5149 1406 587
5150 164 816
5151 1851 565
5152 569 713
5153 1347 415
5154 1969 1799
5155 535 1313
5156 284 1146
5157 298 694
5158 1451 1907
5159 598 1898
5160 1471 962
5161 557 1276
5162 618 567
5163 1518 494
5164 1837 552
5165 595 41
5166 980 1852
5167 498 1787
5168 888 466
5169 1960 1242
5170 759 644
5171 1083 1551
5172 880 1734
5173 408 453
5174 91 835
5175 1996 1392
5176 878 1754
5177 672 1232
5178 1234 635
5179 1238 1467
5180 454 610
5181 85 1851
5182 476 334
5183 1639 1177
5184 1590 1839
5185 80 315
5186 856 424
5187 1636 1307
5188 1742 129
5189 992 654
5190 886 1179
5191 1049 754
5192 1302 695
5193 1186 720
5194 1695 764
5195 558 1305
5196 1348 1503
5197 899 928
5198 225 1371
5199 525 1795
5200 1553 740
5201 596 1812
5202 929 697
5203 724 1925
5204 838 1884
5205 1276 1288
5206 199 1492
5207 189 662
5208 1054 25
5209 1115 1566
5210 453 1292
5211 412 999
5212 1151 355
5213 1512 723
5214 1230 1161
5215 1536 1801
5216 1867 915
5217 1109 1492
5218 1104 702
5219 1208 1855
5220 1270 587
5221 1045 1487
5222 1927 1030
5223 1088 396
5224 1971 1629
5225 1904 1005
5226 1084 1304
5227 694 1780
5228 780 1902
5229 336 1026
5230 1485 887
5231 1500 793
5232 163 965
5233 1742 967
5234 434 1456
5235 656 843
5236 1689 543
5237 1113 1765
5238 537 842
5239 74 1225
5240 1484 1922
5241 798 1477
5242 1064 1645
5243 674 255
5244 861 1134
5245 381 1112
5246 290 1634
5247 1600 588
5248 1475 1510
5249 487 1792
5250 1091 1073
5251 292 626
5252 1660 876
5253 78 98
5254 1412 1806
5255 847 409
5256 722 381
5257 996 1352
5258 1126 208
5259 1513 272
5260 366 477
5261 681 1568
5262 1662 1364
5263 1074 50
5264 1988 1586
5265 982 79
5266 213 701
5267 1933 878
5268 1259 1525
5269 660 1060
5270 1110 106
5271 1904 1726
5272 1249 1129
5273 824 1862
5274 989 409
5275 50 1474
5276 1327 1051
5277 236 618
5278 643 388
5279 1701 444
5280 1878 1261
5281 1519 1757
5282 739 1014
5283 1007 808
5284 8 449
5285 1622 787
5286 1466 1796
5287 219 1033
5288 1549 1702
5289 1120 1373
5290 1202 602
5291 648 784
5292 366 1018
5293 1273 1843
5294 724 1493
5295 1867 1407
5296 1381 1384
5297 1345 1391
5298 1108 27
5299 975 224
5300 739 924
5301 1916 1544
5302 759 19
5303 231 444
5304 983 1349
5305 1676 1667
5306 403 1553
5307 1958 591
5308 1461 1785
5309 1368 140
5310 1311 218
5311 1558 1932
5312 865 240
5313 66 1516
5314 894 1577
5315 242 171
5316 1526 1660
5317 1627 1988
5318 517 618
5319 1763 1575
5320 130 1937
5321 983 438
5322 843 532
5323 98 1857
5324 1424 960
5325 836 1561
5326 920 929
5327 1312 911
5328 284 219
5329 1273 177
5330 1568 1128
5331 1646 680
5332 1098 351
5333 867 1632
5334 1145 676
5335 1122 644
5336 1069 497
5337 546 1807
5338 601 537
5339 1574 837
5340 1268 784
5341 1895 555
5342 218 1245
5343 712 1763
5344 1964 731
5345 59 798
5346 489 209
5347 502 717
5348 732 1299
5349 1509 22
5350 1892 1592
5351 824 984
5352 1441 1076
5353 1839 982
5354 1314 772
5355 397 457
5356 1041 1744
5357 1820 160
5358 320 1209
5359 1429 1482
5360 1177 1500
5361 1494 1972
5362 528 1161
5363 1963 827
5364 803 1081
5365 1323 1891
5366 1223 1766
5367 189 1530
5368 44 1606
5369 1579 235
5370 1099 797
5371 1800 684
5372 1661 1816
5373 463 1334
5374 1086 1933
5375 1671 253
5376 726 255
5377 1638 1906
5378 886 1803
5379 980 1399
5380 719 1698
5381 450 1498
5382 1041 992
5383 776 1046
5384 527 411
5385 1970 1473
5386 774 1044
5387 1857 1676
5388 1033 21
5389 1887 1203
5390 1389 169
5391 618 996
5392 709 1647
5393 1815 1375
5394 748 1883
5395 540 172
5396 16 1459
5397 1470 1626
5398 1322 456
5399 1000 1248
5400 1169 1597
5401 1415 1181
5402 1013 299
5403 218 33
5404 1055 1590
5405 1332 32
5406 479 820
5407 1701 1995
5408 644 1747
5409 730 869
5410 1950 885
5411 1859 1199
5412 74 1954
5413 1808 1459
5414 926 1243
5415 1577 1345
5416 1543 1163
5417 1355 472
5418 1862 1336
5419 1345 1317
5420 1093 1855
5421 524 1330
5422 986 166
5423 1807 1232
5424 1201 1523
5425 1937 65
5426 247 759
5427 1788 44
5428 299 612
5429 1501 1344
5430 77 1201
5431 543 324
5432 1409 1550
5433 1935 111
5434 1071 196
5435 1681 1853
5436 255 941
5437 722 721
5438 367 1990
5439 1075 1903
5440 611 518
5441 1095 1783
5442 1453 453
5443 1195 1554
5444 654 811
5445 1937 952
5446 1617 244
5447 1469 1245
5448 436 61
5449 162 1190
5450 765 1959
5451 1977 1412
5452 254 729
5453 1539 249
5454 291 1939
5455 1288 1351
5456 1001 520
5457 936 369
5458 1342 1018
5459 1350 1312
5460 878 1350
5461 1567 269
5462 1820 1688
5463 1673 333
5464 362 1770
5465 1581 691
5466 1392 1745
5467 1057 1189
5468 257 1287
5469 383 1997
5470 1881 1414
5471 12 490
5472 246 1989
5473 207 154
5474 943 1791
5475 1710 1297
5476 1351 1772
5477 91 1247
5478 224 342
5479 115 1690
5480 537 339
5481 1600 1617
5482 381 1935
5483 125 1075
5484 1659 934
5485 1445 816
5486 558 614
5487 662 1011
5488 1678 1055
5489 73 335
5490 1702 1990
5491 499 1201
5492 1824 1390
5493 294 387
5494 678 1753
5495 178 1859
5496 1345 1512
5497 388 1204
5498 532 708
5499 1057 724
5500 487 1560
5501 49 1325
5502 1435 1835
5503 1644 1741
5504 1179 778
5505 1505 118
5506 192 979
5507 948 1882
5508 745 294
5509 1389 1180
5510 247 1788
5511 639 1836
5512 650 606
5513 587 593
5514 374 1301
5515 1923 1199
5516 1260 1156
5517 1656 731
5518 622 273
5519 30 878
5520 1247 695
5521 1885 251
5522 1872 598
5523 165 167
5524 1770 1655
5525 1044 1475
5526 326 1270
5527 161 111
5528 10 1188
5529 1507 1707
5530 214 78
5531 931 1407
5532 1346 829
5533 859 339
5534 1979 1766
5535 82 1241
5536 1289 447
5537 326 257
5538 496 1078
5539 1836 756
5540 871 876
5541 1349 1894
5542 757 1579
5543 1302 415
5544 51 848
5545 638 1412
5546 1121 462
5547 783 1852
5548 1033 910
5549 112 804
5550 396 1696
5551 1730 351
5552 1516 1601
5553 1760 267
5554 695 1474
5555 901 1285
5556 1226 963
5557 1179 14
5558 1029 140
5559 696 475
5560 1679 880
5561 586 686
5562 1561 522
5563 152 1510
5564 1494 1631
5565 1588 1480
5566 911 330
5567 1157 697
5568 539 1389
5569 25 1504
5570 1882 182
5571 420 1309
5572 1087 928
5573 1837 1083
5574 1711 1927
5575 431 211
5576 692 1353
5577 111 1332
5578 743 713
5579 1400 1815
5580 42 949
5581 441 1288
5582 541 1818
5583 1324 841
5584 148 1023
5585 1596 651
5586 948 1887
5587 1316 285
5588 1589 1422
5589 308 1256
5590 263 1461
5591 364 145
5592 1557 1374
5593 1302 1555
5594 923 1316
5595 1926 778
5596 1999 1894
5597 418 562
5598 1947 1743
5599 2 586
5600 854 459
5601 340 1393
5602 651 246
5603 1063 1128
5604 1856 290
5605 1014 1774
5606 1604 1702
5607 1685 310
5608 8 770
5609 636 181
5610 632 188
5611 1886 410
5612 1168 143
5613 1837 1429
5614 1837 1891
5615 1231 660
5616 1423 925
5617 105 1342
5618 1993 1771
5619 1113 553
5620 1339 226
5621 1376 1519
5622 68 145
5623 1684 1341
5624 600 1840
5625 1979 1510
5626 95 1116
5627 507 1601
5628 1292 1534
5629 136 743
5630 323 580
5631 1617 1006
5632 920 414
5633 1553 223
5634 1715 1320
5635 836 935
5636 1206 1848
5637 362 900
5638 598 987
5639 1330 1101
5640 458 354
5641 1668 1371
5642 832 804
5643 262 1745
5644 330 1369
5645 1786 1068
5646 125 1314
5647 1102 1428
5648 285 892
5649 17 1147
5650 1018 1118
5651 1142 1642
5652 20 1592
5653 1484 1487
5654 697 1047
5655 1644 136
5656 110 237
5657 1229 1100
5658 1774 1585
5659 1902 895
5660 1858 626
5661 1731 1939
5662 1338 1959
5663 400 1473
5664 554 1938
5665 83 171
5666 1210 1005
5667 1871 1563
5668 1966 1876
5669 1529 1297
5670 1634 1747
5671 1537 1800
5672 1536 1867
5673 1574 1949
5674 1936 1556
5675 1593 1529
5676 501 617
5677 738 1702
5678 840 1413
5679 748 315
5680 1340 89
5681 46 826
5682 807 313
5683 1794 804
5684 769 1719
5685 862 1595
5686 1786 1613
5687 117 1091
5688 1703 1985
5689 1453 733
5690 1743 322
5691 202 739
5692 1294 1750
5693 240 1174
5694 331 1562
5695 1383 330
5696 913 1746
5697 913 1114
5698 119 1237
5699 978 1464
5700 746 779
5701 1298 1067
5702 1544 1944
5703 555 293
5704 1482 821
5705 164 5
5706 773 1274
5707 1972 1150
5708 157 668
5709 1930 996
5710 1428 954
5711 1083 326
5712 484 259
5713 612 515
5714 716 1486
5715 1227 1813
5716 1030 644
5717 217 116
5718 354 1919
5719 851 979
5720 178 670
5721 1116 1767
5722 314 935
5723 1160 1818
5724 102 1442
5725 170 1575
5726 1187 1042
5727 695 319
5728 849 939
5729 1042 1109
5730 220 835
5731 1901 215
5732 588 343
5733 1404 197
5734 442 378
5735 463 315
5736 66 385
5737 1533 141
5738 1494 1789
5739 1716 836
5740 676 1643
5741 1588 1936
5742 1639 597
5743 1560 742
5744 1107 772
5745 1134 754
5746 1191 906
5747 1135 764
5748 1814 784
5749 504 1311
5750 1198 1267
5751 1235 1753
5752 246 1548
5753 1172 1163
5754 99 356
5755 1957 593
5756 1752 1997
5757 1985 232
5758 1504 502
5759 874 95
5760 1050 164
5761 239 83
5762 8 702
5763 1068 1480
5764 467 1293
5765 180 1914
5766 1657 906
5767 1664 277
5768 243 868
5769 1382 1416
5770 503 1807
5771 312 198
5772 1740 1001
5773 1332 1292
5774 30 1640
5775 1194 298
5776 1508 138
5777 1197 1200
5778 863 1898
5779 1676 972
5780 957 1066
5781 770 1584
5782 1350 156
5783 206 467
5784 1660 99
5785 1039 1577
5786 1070 1758
5787 214 641
5788 514 1658
5789 847 1818
5790 1632 1484
5791 1448 380
5792 53 1873
5793 1341 1910
5794 79 1569
5795 1795 1899
5796 172 916
5797 124 1792
5798 441 368
5799 1523 1085
5800 1334 1284
5801 1133 1941
5802 1982 917
5803 1904 877
5804 1309 1282
5805 856 1815
5806 1377 515
5807 1478 1492
5808 1564 722
5809 414 1759
5810 1414 1652
5811 1264 1247
5812 1931 1131
5813 842 350
5814 1180 1703
5815 15 1397
5816 960 1875
5817 524 926
5818 485 496
5819 415 69
5820 1243 1513
5821 691 374
5822 362 1576
5823 1108 1506
5824 188 1814
5825 1740 854
5826 955 1193
5827 945 1195
5828 1256 428
5829 1347 1974
5830 1384 1779
5831 1139 437
5832 1244 1495
5833 477 880
5834 1728 945
5835 843 1139
5836 1993 1358
5837 20 1687
5838 442 1007
5839 1542 305
5840 269 875
5841 1304 851
5842 226 1584
5843 932 976
5844 1333 1431
5845 991 995
5846 457 848
5847 986 845
5848 1452 764
5849 1383 1873
5850 1432 272
5851 1794 1665
5852 1308 673
5853 1532 848
5854 1937 530
5855 1488 194
5856 1716 457
5857 797 554
5858 993 1208
5859 750 566
5860 291 1631
5861 302 1509
5862 955 1880
5863 481 418
5864 557 1629
5865 141 464
5866 140 1321
5867 1358 1086
5868 255 676
5869 1804 1494
5870 1550 541
5871 486 1937
5872 381 1149
5873 1768 505
5874 1073 1091
5875 625 800
5876 701 1496
5877 1713 926
5878 1492 1827
5879 1164 1418
5880 743 1250
5881 1091 527
5882 1079 499
5883 933 1716
5884 970 1356
5885 1171 823
5886 344 908
5887 402 282
5888 1242 1379
5889 1399 1075
5890 1510 1271
5891 1139 1913
5892 1868 682
5893 1434 157
5894 477 183
5895 1304 377
5896 314 847
5897 1081 380
5898 1055 527
5899 66 1093
5900 763 632
5901 373 1658
5902 1568 619
5903 621 1317
5904 1707 772
5905 1644 1428
5906 1681 1424
5907 1614 641
5908 902 609
5909 1003 965
5910 833 1259
5911 118 887
5912 550 249
5913 887 915
5914 85 539
5915 1492 1112
5916 228 125
5917 1119 203
5918 1689 456
5919 491 1646
5920 1626 227
5921 1201 20
5922 1958 177
5923 1597 846
5924 1004 848
5925 1421 894
5926 1154 1096
5927 1812 1703
5928 612 609
5929 355 1182
5930 1309 445
5931 1476 571
5932 545 1014
5933 1545 1407
5934 1214 40
5935 1413 313
5936 1020 1655
5937 405 1723
5938 1586 313
5939 134 1440
5940 1062 1959
5941 1797 973
5942 295 687
5943 680 1514
5944 37 686
5945 521 1371
5946 958 301
5947 819 1752
5948 559 778
5949 143 985
5950 1540 1358
5951 275 1200
5952 76 402
5953 258 757
5954 1112 675
5955 1502 401
5956 1397 1512
5957 437 1193
5958 1582 1903
5959 1103 1778
5960 291 1474
5961 278 364
5962 1652 1521
5963 1086 1823
5964 235 1976
5965 1504 1321
5966 871 581
5967 1783 1294
5968 874 475
5969 1716 248
5970 824 1803
5971 1378 1129
5972 1613 1007
5973 1011 1384
5974 745 601
5975 1883 391
5976 1864 30
5977 1288 1817
5978 456 925
5979 1624 1236
5980 1193 1236
5981 1579 750
5982 1942 1398
5983 303 2
5984 1495 1834
5985 1987 1772
5986 1157 1583
5987 1941 987
5988 363 622
5989 1483 246
5990 187 1026
5991 1410 151
5992 190 1328
5993 982 478
5994 1378 32
5995 568 1504
5996 1186 872
5997 1254 830
5998 1522 213
5999 59 1020
6000 1031 179
6001 1766 1830
6002 1346 169
6003 598 1453
6004 1800 477
6005 1668 15
6006 780 540
6007 1093 1439
6008 902 148
6009 446 237
6010 557 1052
6011 1401 1328
6012 811 353
6013 1039 1991
6014 1416 1800
6015 1443 1040
6016 1395 1511
6017 374 1853
6018 1716 735
6019 219 659
6020 430 481
6021 1325 300
6022 487 1467
6023 1363 1331
6024 1282 718
6025 992 1592
6026 1393 762
6027 1731 687
6028 1178 976
6029 1482 736
6030 218 618
6031 1844 990
6032 1645 21
6033 789 323
6034 1167 275
6035 1888 1366
6036 588 1188
6037 1999 64
6038 217 853
6039 1503 157
6040 32 1687
6041 1724 953
6042 1581 139
6043 738 761
6044 1821 1880
6045 1663 1064
6046 323 684
6047 648 85
6048 578 58
6049 562 1868
6050 642 1923
6051 622 1793
6052 895 1372
6053 738 854
6054 1719 1184
6055 1556 1495
6056 1132 158
6057 1486 1455
6058 1698 1845
6059 833 1226
6060 383 1561
6061 117 1696
6062 1416 979
6063 1418 729
6064 1402 645
6065 685 1218
6066 1501 512
6067 660 1765
6068 817 1481
6069 1137 1077
6070 712 287
6071 1920 299
6072 1083 1067
6073 753 1950
6074 1295 800
6075 746 1334
6076 1041 1029
6077 1589 756
6078 394 170
6079 384 1748
6080 1196 81
6081 1473 459
6082 1384 1285
6083 74 397
6084 874 1997
6085 1377 1436
6086 402 404
6087 1372 945
6088 1402 1574
6089 401 1283
6090 1963 1101
6091 1614 106
6092 1551 882
6093 1716 1565
6094 38 1294
6095 1257 32
6096 1218 1470
6097 224 1495
6098 439 1513
6099 1344 783
6100 1034 1321
6101 1626 658
6102 750 1503
6103 267 1838
6104 731 421
6105 88 1536
6106 93 536
6107 118 1458
6108 599 494
6109 627 366
6110 1219 24
6111 399 329
6112 1920 78
6113 1666 990
6114 102 1369
6115 1040 831
6116 1872 1511
6117 1879 47
6118 1767 1142
6119 98 686
6120 1266 860
6121 1479 664
6122 173 1468
6123 941 82
6124 1713 1542
6125 275 1338
6126 1351 1552
6127 1135 1919
6128 1351 1495
6129 1623 539
6130 295 1346
6131 1392 1360
6132 901 483
6133 389 1101
6134 366 1076
6135 1347 1911
6136 1181 947
6137 577 257
6138 847 1130
6139 1279 844
6140 1634 518
6141 1323 1757
6142 908 210
6143 61 1331
6144 324 298
6145 1 875
6146 1250 1477
6147 1547 1611
6148 1917 1430
6149 321 459
6150 1229 448
6151 1750 646
6152 1584 1399
6153 857 980
6154 327 1190
6155 1211 1138
6156 1597 1251
6157 1929 1341
6158 1794 1625
6159 606 652
6160 1840 555
6161 824 1647
6162 1076 324
6163 1323 12
6164 269 75
6165 1289 379
6166 1506 984
6167 294 1940
6168 1044 1075
6169 1393 988
6170 1057 116
6171 192 144
6172 417 788
6173 323 1916
6174 1028 1727
6175 1949 1148
6176 201 293
6177 112 328
6178 953 488
6179 510 1525
6180 980 1129
6181 1929 673
6182 1422 313
6183 101 619
6184 14 125
6185 820 348
6186 1174 1267
6187 1676 1372
6188 1538 1182
6189 197 1247
6190 1536 1170
6191 1575 548
6192 595 35
6193 1561 1884
6194 1107 152
6195 1763 1766
6196 1394 1857
6197 325 1653
6198 900 271
6199 1744 33
6200 312 1282
6201 819 919
6202 884 1512
6203 1803 64
6204 822 957
6205 802 1770
6206 1396 1105
6207 256 851
6208 923 1027
6209 1770 486
6210 1689 1442
6211 1413 1953
6212 1303 1376
6213 422 1511
6214 1235 746
6215 47 1683
6216 572 913
6217 1153 1613
6218 29 928
6219 647 88
6220 895 314
6221 1886 1781
6222 984 273
6223 1140 1552
6224 725 103
6225 1942 1417
6226 989 1031
6227 1759 1679
6228 1203 380
6229 852 695
6230 772 721
6231 273 889
6232 1983 182
6233 801 99
6234 530 1653
6235 1755 357
6236 1949 934
6237 758 1776
6238 970 845
6239 1743 1892
6240 1488 880
6241 408 807
6242 1729 965
6243 1938 233
6244 895 1874
6245 1070 255
6246 1936 803
6247 1955 72
6248 690 86
6249 1682 556
6250 940 1233
6251 731 870
6252 1477 1428
6253 1041 385
6254 626 804
6255 1361 1683
6256 1980 452